   1.0000000000000000        1.5725262038900767        3.0482425272366854E-003  0.19563999999999956        1.4203086874607313E-003
  0.49609375000000000        1.3255185571834429        3.0570188153517248E-003  0.14941999999999966        1.1728563079899817E-003
  0.32812500000000000        1.1247054389159410        2.6224301061001779E-003  0.11653999999999981        1.0555691652498322E-003
  0.24414062500000000       0.96777907534279450        2.1633701427211422E-003   9.3239999999999837E-002   8.2622666687205627E-004
  0.19375000000000001       0.84543798279731253        1.9506060577926571E-003   7.7099999999999891E-002   7.7661529287760230E-004
  0.16015625000000000       0.74841781944420716        1.8342654413923899E-003   6.6319999999999948E-002   7.6315136113356446E-004
  0.13616071428571427       0.66842651076920068        1.7862579684822695E-003   5.9139999999999963E-002   7.2655545437553756E-004
  0.11816406250000000       0.60319422847867488        1.7294595689579168E-003   5.3579999999999996E-002   7.0855950043491984E-004
  0.10416666666666667       0.54970450719964714        1.7082108310468636E-003   4.9700000000000015E-002   6.5897073094519222E-004
   9.2968750000000003E-002  0.50573041893949344        1.6826586542361883E-003   4.6960000000000029E-002   6.4603217857748813E-004
   8.3806818181818177E-002  0.46815446277654532        1.7299044366624779E-003   4.4580000000000043E-002   6.0053511491204323E-004
   7.6171875000000000E-002  0.43588789998744448        1.6706006884674844E-003   4.2620000000000068E-002   5.5899982833699830E-004
   6.9711538461538464E-002  0.40817196649395043        1.6431136721851741E-003   4.1300000000000059E-002   5.6452357673250652E-004
   6.4174107142857137E-002  0.38393516094918667        1.7107306914785497E-003   3.9960000000000065E-002   5.7908321831785488E-004
   5.9374999999999997E-002  0.36211691279355612        1.7098672737802991E-003   3.9040000000000075E-002   5.6816557552539148E-004
   5.5175781250000000E-002  0.34355210723771307        1.7057628750601541E-003   3.7940000000000078E-002   5.6027049744120550E-004
   5.1470588235294115E-002  0.32762316025406057        1.7047020374141135E-003   3.7080000000000085E-002   5.4784794764363800E-004
   4.8177083333333336E-002  0.31315026542802515        1.7379981981865311E-003   3.6460000000000090E-002   5.4149437819439063E-004
   4.5230263157894739E-002  0.30025612795611223        1.7386583870769804E-003   3.5900000000000085E-002   5.3210084864740959E-004
   4.2578125000000001E-002  0.28800567166934804        1.7648805461751634E-003   3.5340000000000080E-002   5.2804575865383614E-004
   4.0178571428571432E-002  0.27745820611558153        1.7819516233184979E-003   3.4900000000000084E-002   5.3058001424396626E-004
   3.7997159090909088E-002  0.26749617364979433        1.7771807295757567E-003   3.4500000000000079E-002   5.1825269761559482E-004
   3.6005434782608696E-002  0.25862277062810329        1.7615278565366120E-003   3.4020000000000078E-002   5.1128279944672773E-004
   3.4179687500000000E-002  0.25082635071776893        1.7694422849626394E-003   3.3680000000000085E-002   5.0908513705239769E-004
   3.2500000000000001E-002  0.24360920680666079        1.7713943319599412E-003   3.3480000000000079E-002   5.0502125167803294E-004
   3.0949519230769232E-002  0.23709027724622991        1.7618165407352535E-003   3.3140000000000079E-002   5.1188303588244413E-004
   2.9513888888888888E-002  0.23095880196894858        1.7416644800101785E-003   3.2860000000000084E-002   5.0871595138338231E-004
   2.8180803571428568E-002  0.22528379686746416        1.7360043858849713E-003   3.2640000000000086E-002   5.0682613120547437E-004
   2.6939655172413791E-002  0.22034945984554899        1.7276940600400061E-003   3.2560000000000082E-002   5.0778186679164400E-004
   2.5781249999999999E-002  0.21563900749092535        1.7163888336234410E-003   3.2360000000000076E-002   4.9267769701022879E-004
   2.4697580645161289E-002  0.21129252066434859        1.7033584437643214E-003   3.2260000000000080E-002   4.9617119886773337E-004
   2.3681640625000000E-002  0.20710237572410750        1.6920195709472137E-003   3.2140000000000078E-002   4.9093191117926876E-004
   2.2727272727272728E-002  0.20337484070642994        1.6979223376048542E-003   3.2040000000000075E-002   4.9398809947632627E-004
   2.1829044117647058E-002  0.19979731313602883        1.6990371548519650E-003   3.1840000000000084E-002   4.9862842180353945E-004
   2.0982142857142855E-002  0.19642341779399516        1.6866364867365968E-003   3.1620000000000086E-002   4.9375493860205806E-004
   2.0182291666666668E-002  0.19326005378495836        1.6990953988299177E-003   3.1500000000000090E-002   4.9512777659054376E-004
   1.9425675675675675E-002  0.19032966478929736        1.7095218332504381E-003   3.1420000000000087E-002   4.9424567562981602E-004
   1.8708881578947369E-002  0.18754231537399865        1.7016399668362543E-003   3.1300000000000078E-002   4.9594313782891299E-004
   1.8028846153846152E-002  0.18494240468521789        1.7146576076522892E-003   3.1160000000000080E-002   4.9822310527137539E-004
   1.7382812500000001E-002  0.18257036279209055        1.7108882400784255E-003   3.1140000000000077E-002   4.9665954845416781E-004
   1.6768292682926830E-002  0.18029326961185993        1.7092722356680280E-003   3.1140000000000077E-002   4.9665954845416933E-004
   1.6183035714285716E-002  0.17815658302309856        1.7154295408520516E-003   3.1100000000000082E-002   4.9838121792843083E-004
   1.5625000000000000E-002  0.17613322689430091        1.7124404116197391E-003   3.1040000000000081E-002   4.9111705284580576E-004
   1.5092329545454544E-002  0.17418005772917414        1.7002445554735457E-003   3.0940000000000079E-002   4.8363522442334856E-004
   1.4583333333333334E-002  0.17225587526845421        1.6985045028525478E-003   3.0860000000000082E-002   4.8179378630825034E-004
   1.4096467391304348E-002  0.17046746052638692        1.6934947709851920E-003   3.0840000000000079E-002   4.7920810097534431E-004
   1.3630319148936171E-002  0.16874094151828159        1.6844907087372474E-003   3.0780000000000082E-002   4.7643032920443592E-004
   1.3183593750000000E-002  0.16716858976024312        1.6838610949670059E-003   3.0740000000000087E-002   4.8045012564501278E-004
   1.2755102040816327E-002  0.16558485897406822        1.6812260390295954E-003   3.0660000000000083E-002   4.7656599911779352E-004
   1.2343750000000001E-002  0.16421552935884684        1.6842750887314008E-003   3.0660000000000086E-002   4.7994528307658470E-004
   1.1948529411764705E-002  0.16280634706418845        1.6848073754731636E-003   3.0540000000000088E-002   4.7213677182901173E-004
   1.1568509615384616E-002  0.16146508261489870        1.6832310006565248E-003   3.0460000000000088E-002   4.7639640568913216E-004
   1.1202830188679246E-002  0.16013885168076922        1.6798250360538149E-003   3.0420000000000086E-002   4.7592122257889816E-004
   1.0850694444444444E-002  0.15889532398269682        1.6792194232789163E-003   3.0360000000000085E-002   4.7514378472374624E-004
   1.0511363636363635E-002  0.15772965673095674        1.6745732474784801E-003   3.0300000000000084E-002   4.7428840903977569E-004
   1.0184151785714284E-002  0.15655451289838551        1.6678194213517912E-003   3.0180000000000082E-002   4.7062820685855417E-004
   9.8684210526315784E-003  0.15544515168174541        1.6670006245226971E-003   3.0100000000000082E-002   4.6914924075500781E-004
   9.5635775862068957E-003  0.15439458447083290        1.6606455438571842E-003   3.0060000000000083E-002   4.7007843746945744E-004
   9.2690677966101691E-003  0.15340573091548135        1.6621908558754311E-003   3.0060000000000083E-002   4.7007843746945597E-004
   8.9843749999999993E-003  0.15243708505403547        1.6635799602381883E-003   2.9960000000000084E-002   4.6966998944992052E-004
   8.7090163934426222E-003  0.15148225776225466        1.6626159265146611E-003   2.9960000000000080E-002   4.6966998944992198E-004
   8.4425403225806446E-003  0.15056939322389132        1.6665478728202291E-003   2.9940000000000081E-002   4.7007843746945890E-004
   8.1845238095238082E-003  0.14967974177044016        1.6709044214531018E-003   2.9840000000000078E-002   4.6855031100126991E-004
   7.9345703125000000E-003  0.14884234511528049        1.6675391333660235E-003   2.9840000000000078E-002   4.6855031100126991E-004
   7.6923076923076927E-003  0.14805125766875457        1.6682626368257805E-003   2.9820000000000079E-002   4.6804558182580623E-004
   7.4573863636363640E-003  0.14726831061077245        1.6666473344254592E-003   2.9820000000000079E-002   4.6804558182580623E-004
   7.2294776119402986E-003  0.14651709699107018        1.6640062742634555E-003   2.9820000000000079E-002   4.6804558182580769E-004
   7.0082720588235288E-003  0.14584513293639961        1.6652668566345236E-003   2.9800000000000076E-002   4.6666666666665821E-004
   6.7934782608695659E-003  0.14515801461367400        1.6622535218635080E-003   2.9780000000000077E-002   4.6700853278817294E-004
   6.5848214285714277E-003  0.14447332663896270        1.6623192891394433E-003   2.9760000000000075E-002   4.6474061408901282E-004
   6.3820422535211269E-003  0.14386897296837159        1.6607796569348091E-003   2.9720000000000080E-002   4.6625089703923117E-004
   6.1848958333333339E-003  0.14324583307678884        1.6603467953930605E-003   2.9700000000000077E-002   4.6482319871172292E-004
   5.9931506849315065E-003  0.14264130507649594        1.6598613490929777E-003   2.9700000000000077E-002   4.6482319871172292E-004
   5.8065878378378375E-003  0.14208710101265581        1.6597229113507149E-003   2.9660000000000079E-002   4.5841624594406314E-004
   5.6249999999999998E-003  0.14151167062441056        1.6593520841114910E-003   2.9660000000000079E-002   4.5841624594406010E-004
   5.4481907894736847E-003  0.14098218208470986        1.6596305840077367E-003   2.9660000000000079E-002   4.5841624594406168E-004
   5.2759740259740260E-003  0.14046154848239237        1.6597329231145836E-003   2.9660000000000079E-002   4.5841624594406168E-004
   5.1081730769230761E-003  0.13992913855535319        1.6540380035120767E-003   2.9640000000000076E-002   4.5958259498827284E-004
   4.9446202531645573E-003  0.13944213601694216        1.6522910000657802E-003   2.9620000000000077E-002   4.5985944273299676E-004
   4.7851562500000003E-003  0.13899074579558629        1.6513175445115377E-003   2.9620000000000077E-002   4.5985944273299373E-004
   4.6296296296296294E-003  0.13853803656909397        1.6480702940564443E-003   2.9600000000000074E-002   4.5748544161855633E-004
   4.4778963414634151E-003  0.13811348477560703        1.6457673228574040E-003   2.9600000000000081E-002   4.5748544161855633E-004
   4.3298192771084338E-003  0.13769124068217661        1.6442634277293317E-003   2.9600000000000074E-002   4.5748544161855633E-004
   4.1852678571428579E-003  0.13726340032483397        1.6411028954209401E-003   2.9580000000000078E-002   4.5509017865370946E-004
   4.0441176470588230E-003  0.13684814016766877        1.6400227517941474E-003   2.9520000000000081E-002   4.5493478276083216E-004
   3.9062500000000000E-003  0.13644581701677544        1.6386814844712191E-003   2.9520000000000081E-002   4.5493478276083531E-004
   3.7715517241379316E-003  0.13603722814548216        1.6340606084552030E-003   2.9500000000000085E-002   4.5604802157205693E-004
   3.6399147727272721E-003  0.13565305213672038        1.6322614508533224E-003   2.9480000000000083E-002   4.5537863033929166E-004
   3.5112359550561797E-003  0.13527731134239088        1.6296876781839360E-003   2.9480000000000083E-002   4.5537863033928851E-004
   3.3854166666666668E-003  0.13491755967366623        1.6293613945243105E-003   2.9460000000000083E-002   4.5558708932495854E-004
   3.2623626373626379E-003  0.13456412758429970        1.6267175871329154E-003   2.9440000000000081E-002   4.5755609028573621E-004
   3.1419836956521740E-003  0.13418967564393494        1.6265361101627598E-003   2.9400000000000079E-002   4.6231739501923229E-004
   3.0241935483870976E-003  0.13382762267285081        1.6279448878636523E-003   2.9400000000000075E-002   4.6231739501923229E-004
   2.9089095744680854E-003  0.13348082684713147        1.6298112173695027E-003   2.9360000000000074E-002   4.6089942810582571E-004
   2.7960526315789474E-003  0.13315427624101836        1.6285763810837597E-003   2.9360000000000074E-002   4.6089942810582728E-004
   2.6855468750000000E-003  0.13283598170847238        1.6276645264849555E-003   2.9360000000000080E-002   4.6089942810582278E-004
   2.5773195876288655E-003  0.13251992707307075        1.6264133030320133E-003   2.9360000000000080E-002   4.6089942810582278E-004
   2.4713010204081634E-003  0.13224335405700535        1.6261113768123408E-003   2.9340000000000078E-002   4.5929678352186337E-004
   2.3674242424242421E-003  0.13194172646002847        1.6254120231339615E-003   2.9320000000000075E-002   4.6119738757177209E-004
   2.2656250000000003E-003  0.13167872862579078        1.6252895791314514E-003   2.9320000000000075E-002   4.6119738757177355E-004
   2.1658415841584160E-003  0.13140397915282778        1.6255308219677172E-003   2.9320000000000075E-002   4.6119738757177355E-004
   2.0680147058823525E-003  0.13114081599900879        1.6268878109715005E-003   2.9320000000000075E-002   4.6119738757177052E-004
   1.9720873786407776E-003  0.13088250871234139        1.6279469579942745E-003   2.9320000000000075E-002   4.6119738757177209E-004
   1.8780048076923080E-003  0.13062684097770069        1.6290597245162456E-003   2.9280000000000070E-002   4.6407940804316859E-004
   1.7857142857142863E-003  0.13037046617566017        1.6300062544727697E-003   2.9260000000000074E-002   4.6070214308863622E-004
   1.6951650943396231E-003  0.13012474648823680        1.6316051390214165E-003   2.9260000000000074E-002   4.6070214308863622E-004
   1.6063084112149534E-003  0.12988139849135105        1.6353024475175258E-003   2.9240000000000071E-002   4.6343469569262491E-004
   1.5190972222222220E-003  0.12965832360323229        1.6366800399034657E-003   2.9240000000000071E-002   4.6343469569262491E-004
   1.4334862385321102E-003  0.12942934734067657        1.6387300889950701E-003   2.9240000000000071E-002   4.6343469569262491E-004
   1.3494318181818173E-003  0.12921799636047068        1.6395558978038714E-003   2.9220000000000069E-002   4.6527498114642762E-004
   1.2668918918918911E-003  0.12900437920380731        1.6414550325358538E-003   2.9220000000000069E-002   4.6527498114642762E-004
   1.1858258928571421E-003  0.12876618605774032        1.6441358757376574E-003   2.9200000000000070E-002   4.6623356525859019E-004
   1.1061946902654867E-003  0.12855490185818216        1.6451140045846998E-003   2.9200000000000070E-002   4.6623356525859019E-004
   1.0279605263157892E-003  0.12835172261430849        1.6459711397642390E-003   2.9200000000000070E-002   4.6623356525859170E-004
   9.5108695652173884E-004  0.12815231748397987        1.6483997141841008E-003   2.9180000000000067E-002   4.6804558182581967E-004
   8.7553879310344786E-004  0.12795288156493942        1.6501553481082655E-003   2.9160000000000071E-002   4.6984201084142768E-004
   8.0128205128205190E-004  0.12775907248180104        1.6515483789106846E-003   2.9160000000000071E-002   4.6984201084142768E-004
   7.2828389830508454E-004  0.12756950299418110        1.6545922743519965E-003   2.9140000000000069E-002   4.6990650262804836E-004
   6.5651260504201621E-004  0.12740337678734093        1.6560461730900345E-003   2.9140000000000069E-002   4.6990650262804836E-004
   5.8593749999999965E-004  0.12721980034269986        1.6580614349743544E-003   2.9140000000000069E-002   4.6990650262804836E-004
   5.1652892561983473E-004  0.12705244414731756        1.6594348785952471E-003   2.9140000000000069E-002   4.6990650262804690E-004
   4.4825819672131111E-004  0.12687840153775190        1.6623546921210974E-003   2.9140000000000069E-002   4.6990650262804690E-004
   3.8109756097561009E-004  0.12671836672789938        1.6643293090178965E-003   2.9120000000000069E-002   4.7082133264405988E-004
   3.1502016129032230E-004  0.12655164657987425        1.6663871920465055E-003   2.9120000000000069E-002   4.7082133264406291E-004
   2.5000000000000022E-004  0.12638475760992146        1.6670972272826764E-003   2.9100000000000067E-002   4.7000967108038507E-004
   1.8601190476190410E-004  0.12621145662609456        1.6665493714102316E-003   2.9100000000000067E-002   4.7000967108038507E-004
   1.2303149606299191E-004  0.12606472339042610        1.6676027058617319E-003   2.9100000000000067E-002   4.7000967108038800E-004
   6.1035156250000000E-005  0.12590313048045002        1.6683644928421244E-003   2.9100000000000067E-002   4.7000967108038800E-004
   0.0000000000000000       0.12576545303374340        1.6682907781728645E-003   2.9100000000000067E-002   4.7000967108038654E-004
