   1.0000000000000000        1.5851353167148385        3.7612041869249783E-003  0.19645999999999952        1.4421798876294004E-003
  0.49902343750000000        1.3342389704442630        2.9406995958745708E-003  0.15391999999999964        1.1295551998441009E-003
  0.33203125000000000        1.1283182691837879        2.7993149170799738E-003  0.11673999999999980        1.0220419252504544E-003
  0.24853515625000000       0.97281312700694256        2.5151092101763774E-003   9.3999999999999861E-002   1.0245472022786342E-003
  0.19843749999999999       0.84986090693885730        2.2019528073538388E-003   7.8559999999999963E-002   8.9446332874219684E-004
  0.16503906250000000       0.75207622727031265        2.0894993029654798E-003   6.7079999999999973E-002   7.6984584577860428E-004
  0.14118303571428573       0.67267032868583665        2.1616880049444339E-003   5.8419999999999972E-002   7.2267460579335339E-004
  0.12329101562500000       0.60692928188269024        2.1089522650016004E-003   5.3219999999999976E-002   6.3174921504271207E-004
  0.10937500000000000       0.55206884861567174        2.0040943008556660E-003   4.9720000000000007E-002   5.9697554219567542E-004
   9.8242187499999994E-002  0.50671292555636827        1.9485108357383610E-003   4.6760000000000017E-002   5.9545755261791679E-004
   8.9133522727272721E-002  0.46862099569440585        1.8711433925729093E-003   4.4000000000000032E-002   5.2876834208938686E-004
   8.1542968750000000E-002  0.43612528554969804        1.8866556867677547E-003   4.2120000000000053E-002   5.5981237838216525E-004
   7.5120192307692304E-002  0.40759066709653102        1.8461750008949636E-003   4.0740000000000089E-002   5.3910138474156722E-004
   6.9614955357142863E-002  0.38335432194456809        1.7789075028852551E-003   3.9440000000000079E-002   5.2345395251542656E-004
   6.4843750000000006E-002  0.36146394889337780        1.7853297168012243E-003   3.8200000000000081E-002   5.3067519408403594E-004
   6.0668945312500000E-002  0.34255228247652392        1.7625898095495912E-003   3.7300000000000069E-002   5.3134097557332941E-004
   5.6985294117647058E-002  0.32645266709890874        1.7661505656674779E-003   3.6500000000000067E-002   5.0960471906857680E-004
   5.3710937500000000E-002  0.31206573114527836        1.7658314459246774E-003   3.5700000000000072E-002   5.0402420977606994E-004
   5.0781250000000000E-002  0.29937827298155911        1.7039364583068713E-003   3.5120000000000068E-002   4.8352242904950448E-004
   4.8144531249999997E-002  0.28729796427090065        1.6519122143932661E-003   3.4620000000000074E-002   4.5985944273298609E-004
   4.5758928571428568E-002  0.27699366366369010        1.6119550965599991E-003   3.4260000000000075E-002   4.6157831995721863E-004
   4.3590198863636360E-002  0.26759571485525996        1.6344286606869828E-003   3.3860000000000071E-002   4.5771059622754624E-004
   4.1610054347826088E-002  0.25888888735253934        1.6225418865384901E-003   3.3320000000000079E-002   4.6815347565479513E-004
   3.9794921875000000E-002  0.25119456523066863        1.5835797755740706E-003   3.2900000000000068E-002   4.6045651479830119E-004
   3.8124999999999999E-002  0.24393612684791183        1.5694319157170153E-003   3.2580000000000060E-002   4.6126308801337258E-004
   3.6583533653846152E-002  0.23753751570986512        1.5437336799833325E-003   3.2360000000000069E-002   4.4347571192873502E-004
   3.5156250000000000E-002  0.23131551492970764        1.5231032249445455E-003   3.1980000000000064E-002   4.2497296408362014E-004
   3.3830915178571432E-002  0.22548471569088030        1.5183301599857456E-003   3.1760000000000073E-002   4.2190525050540725E-004
   3.2596982758620691E-002  0.22026427348285871        1.5074026567234934E-003   3.1580000000000073E-002   4.2096090175700648E-004
   3.1445312500000003E-002  0.21551453641383403        1.4905534799569266E-003   3.1420000000000066E-002   4.1710401289816665E-004
   3.0367943548387094E-002  0.21104796064963097        1.4805350112818715E-003   3.1220000000000067E-002   4.2440213443993124E-004
   2.9357910156250000E-002  0.20682716717175659        1.4797367158085389E-003   3.1060000000000056E-002   4.2302900060579607E-004
   2.8409090909090908E-002  0.20283882733354297        1.4765954063552234E-003   3.0960000000000057E-002   4.1921523605591463E-004
   2.7516084558823529E-002  0.19911595138282059        1.4669703768072015E-003   3.0800000000000063E-002   4.1584767996141574E-004
   2.6674107142857142E-002  0.19569633060367303        1.4662823603094053E-003   3.0700000000000064E-002   4.1328934272260058E-004
   2.5878906250000000E-002  0.19239444613442178        1.4755539078288491E-003   3.0520000000000068E-002   4.1838554545593429E-004
   2.5126689189189189E-002  0.18949091649353125        1.4763398835693148E-003   3.0400000000000073E-002   4.2545281878263869E-004
   2.4414062500000000E-002  0.18665394640312416        1.4637806721130076E-003   3.0300000000000073E-002   4.2295258468163848E-004
   2.3737980769230768E-002  0.18401122507110043        1.4659915367033613E-003   3.0160000000000076E-002   4.2514881530059573E-004
   2.3095703124999999E-002  0.18142081256809869        1.4731938096640182E-003   3.0020000000000067E-002   4.2875907387988416E-004
   2.2484756097560975E-002  0.17907747062118751        1.4795548840867748E-003   2.9940000000000078E-002   4.2683235419289255E-004
   2.1902901785714284E-002  0.17686131150665976        1.4836248808774741E-003   2.9840000000000075E-002   4.2704528655362477E-004
   2.1348110465116279E-002  0.17467800939129488        1.4871101246189456E-003   2.9720000000000080E-002   4.2261332231959426E-004
   2.0818536931818180E-002  0.17265018241311147        1.4858220905992745E-003   2.9640000000000079E-002   4.2295736108137222E-004
   2.0312500000000001E-002  0.17068728707723183        1.4856433288479589E-003   2.9560000000000076E-002   4.2314837286055112E-004
   1.9828464673913044E-002  0.16890860238373251        1.4881709589660418E-003   2.9500000000000078E-002   4.2580879666009294E-004
   1.9365026595744680E-002  0.16714338229767747        1.4858343838281330E-003   2.9460000000000073E-002   4.2531509412777350E-004
   1.8920898437500000E-002  0.16551725599591119        1.4946206118161155E-003   2.9400000000000079E-002   4.2497771777593818E-004
   1.8494897959183673E-002  0.16403815740125616        1.4978317181984411E-003   2.9340000000000078E-002   4.2928646459777222E-004
   1.8085937500000000E-002  0.16252865847629080        1.5053379365183393E-003   2.9300000000000083E-002   4.2770234150548770E-004
   1.7693014705882353E-002  0.16114944484067348        1.5068521084097891E-003   2.9220000000000076E-002   4.2535309159008112E-004
   1.7315204326923076E-002  0.15975855660906566        1.5167348625034741E-003   2.9140000000000072E-002   4.3135211424616708E-004
   1.6951650943396228E-002  0.15848866932090822        1.5244443012755846E-003   2.9100000000000074E-002   4.3052704369589683E-004
   1.6601562500000000E-002  0.15724446092729891        1.5278670155315797E-003   2.9060000000000068E-002   4.2872137828899357E-004
   1.6264204545454547E-002  0.15607412543876145        1.5247145700886587E-003   2.9020000000000067E-002   4.2781568768133756E-004
   1.5938895089285716E-002  0.15490735553119048        1.5269188441544308E-003   2.9020000000000067E-002   4.2781568768133756E-004
   1.5625000000000000E-002  0.15385743323628887        1.5255444631969320E-003   2.8980000000000068E-002   4.2497296408361689E-004
   1.5321928879310345E-002  0.15283649585482464        1.5255337415828641E-003   2.8900000000000068E-002   4.2199621808827303E-004
   1.5029131355932205E-002  0.15183074536367927        1.5254307336065786E-003   2.8860000000000066E-002   4.2188130840774968E-004
   1.4746093750000001E-002  0.15082633449665614        1.5230945750451784E-003   2.8820000000000068E-002   4.2268502015404034E-004
   1.4472336065573771E-002  0.14989202199223986        1.5183693784384970E-003   2.8780000000000069E-002   4.1961502317810979E-004
   1.4207409274193547E-002  0.14904161150953188        1.5234675704869705E-003   2.8740000000000064E-002   4.1745259211875085E-004
   1.3950892857142856E-002  0.14813721937121169        1.5216105947815444E-003   2.8660000000000064E-002   4.1880541997206647E-004
   1.3702392578125000E-002  0.14724457264986715        1.5214341135790345E-003   2.8640000000000065E-002   4.1378274688072856E-004
   1.3461538461538462E-002  0.14646622319516733        1.5240624552062807E-003   2.8620000000000069E-002   4.1457779423739320E-004
   1.3227982954545454E-002  0.14571105026541825        1.5258684806429565E-003   2.8560000000000071E-002   4.1786373497839507E-004
   1.3001399253731344E-002  0.14496362529840753        1.5264520279563341E-003   2.8540000000000072E-002   4.1861242651927667E-004
   1.2781479779411764E-002  0.14427715222277282        1.5208078179777902E-003   2.8540000000000069E-002   4.1861242651927667E-004
   1.2567934782608696E-002  0.14357816532952261        1.5180004338908874E-003   2.8540000000000069E-002   4.1861242651927992E-004
   1.2360491071428571E-002  0.14291834314792484        1.5193164907789077E-003   2.8540000000000069E-002   4.1861242651927992E-004
   1.2158890845070422E-002  0.14228169202787255        1.5175036610159363E-003   2.8460000000000069E-002   4.2341087335679280E-004
   1.1962890625000000E-002  0.14167314234302711        1.5192015957647981E-003   2.8440000000000069E-002   4.2314837286055947E-004
   1.1772260273972603E-002  0.14103978949858875        1.5185361857009071E-003   2.8380000000000068E-002   4.2325816560046073E-004
   1.1586782094594595E-002  0.14045299818601445        1.5225420704983081E-003   2.8360000000000066E-002   4.2581354102138095E-004
   1.1406250000000000E-002  0.13985420081215338        1.5248837620758795E-003   2.8360000000000069E-002   4.2581354102137769E-004
   1.1230468750000000E-002  0.13927320912647193        1.5291247110386182E-003   2.8340000000000067E-002   4.2739993807989834E-004
   1.1059253246753246E-002  0.13871963685458422        1.5287254607968717E-003   2.8300000000000068E-002   4.2485885951106867E-004
   1.0892427884615384E-002  0.13823619321810146        1.5315511994584972E-003   2.8280000000000066E-002   4.2547181178811358E-004
   1.0729825949367089E-002  0.13770614349731949        1.5280300122563436E-003   2.8260000000000066E-002   4.2321998005192082E-004
   1.0571289062499999E-002  0.13716514536484270        1.5254556629202322E-003   2.8240000000000064E-002   4.2094650443489680E-004
   1.0416666666666666E-002  0.13666734829137736        1.5240264856140849E-003   2.8220000000000064E-002   4.1768481665078799E-004
   1.0265815548780487E-002  0.13624664520643737        1.5258720521546382E-003   2.8220000000000064E-002   4.1768481665079135E-004
   1.0118599397590361E-002  0.13575792021638766        1.5267050516320710E-003   2.8180000000000063E-002   4.1884400799140087E-004
   9.9748883928571421E-003  0.13530515779439412        1.5282568916812032E-003   2.8140000000000068E-002   4.2092250780369515E-004
   9.8345588235294115E-003  0.13487927878452724        1.5328218556292321E-003   2.8140000000000064E-002   4.2092250780370019E-004
   9.6974927325581394E-003  0.13446462877437548        1.5317787860328648E-003   2.8120000000000065E-002   4.1857864351645585E-004
   9.5635775862068957E-003  0.13403057146402739        1.5337641182637852E-003   2.8080000000000063E-002   4.1770899928156318E-004
   9.4327059659090901E-003  0.13365157646033807        1.5319368104249405E-003   2.8060000000000068E-002   4.1725897294731093E-004
   9.3047752808988766E-003  0.13328214246736420        1.5337934724666273E-003   2.8040000000000065E-002   4.1776703188414825E-004
   9.1796875000000003E-003  0.13293016574217709        1.5356589236675731E-003   2.8040000000000065E-002   4.1776703188414657E-004
   9.0573489010989019E-003  0.13254563049585399        1.5325534804291742E-003   2.8020000000000066E-002   4.2211109648737557E-004
   8.9376698369565220E-003  0.13220873185784096        1.5339852124016348E-003   2.8000000000000070E-002   4.2067766397764896E-004
   8.8205645161290331E-003  0.13182166305498846        1.5344851376748827E-003   2.7960000000000068E-002   4.1679876693820139E-004
   8.7059507978723399E-003  0.13145638415938138        1.5349918086197368E-003   2.7900000000000071E-002   4.1523998172651201E-004
   8.5937500000000007E-003  0.13111627447389981        1.5343216296825879E-003   2.7880000000000068E-002   4.1372415540752623E-004
   8.4838867187500000E-003  0.13081634757598729        1.5342509041543380E-003   2.7880000000000068E-002   4.1372415540752455E-004
   8.3762886597938142E-003  0.13049289482689772        1.5305500339526581E-003   2.7860000000000065E-002   4.1317201152922479E-004
   8.2708864795918366E-003  0.13015364546239616        1.5293711847201546E-003   2.7840000000000070E-002   4.1260933659632241E-004
   8.1676136363636360E-003  0.12987532996536172        1.5276558779365747E-003   2.7840000000000070E-002   4.1260933659631905E-004
   8.0664062499999998E-003  0.12955419373213584        1.5284267378146937E-003   2.7800000000000068E-002   4.1438770700536978E-004
   7.9672029702970298E-003  0.12925858325237591        1.5305335283551714E-003   2.7800000000000075E-002   4.1438770700536300E-004
   7.8699448529411763E-003  0.12896689595353381        1.5278206788659106E-003   2.7800000000000075E-002   4.1438770700536300E-004
   7.7745752427184466E-003  0.12869662392248851        1.5280634802749831E-003   2.7800000000000068E-002   4.1438770700536647E-004
   7.6810396634615381E-003  0.12843283618425633        1.5262863449770833E-003   2.7800000000000075E-002   4.1438770700536300E-004
   7.5892857142857151E-003  0.12816069965613533        1.5256955589154275E-003   2.7800000000000075E-002   4.1438770700536138E-004
   7.4992629716981139E-003  0.12789254747748924        1.5245371000713055E-003   2.7800000000000075E-002   4.1438770700536138E-004
   7.4109228971962621E-003  0.12763473984145965        1.5246371358202527E-003   2.7800000000000075E-002   4.1438770700536474E-004
   7.3242187500000000E-003  0.12740115949374292        1.5248332192894344E-003   2.7800000000000068E-002   4.1438770700536815E-004
   7.2391055045871559E-003  0.12716450976224142        1.5261963307586044E-003   2.7800000000000068E-002   4.1438770700536815E-004
   7.1555397727272735E-003  0.12693039441727624        1.5260744252486270E-003   2.7780000000000072E-002   4.1477266500621632E-004
   7.0734797297297303E-003  0.12669077426509323        1.5264762294003888E-003   2.7740000000000067E-002   4.1356298605453129E-004
   6.9928850446428579E-003  0.12647210887883509        1.5267386589650580E-003   2.7740000000000067E-002   4.1356298605453129E-004
   6.9137168141592924E-003  0.12623312587780369        1.5263702000361640E-003   2.7740000000000067E-002   4.1356298605453644E-004
   6.8359375000000000E-003  0.12601507495434328        1.5282851500389321E-003   2.7740000000000067E-002   4.1356298605453476E-004
   6.7595108695652165E-003  0.12581206173693030        1.5282358475566505E-003   2.7740000000000067E-002   4.1356298605453476E-004
   6.6844019396551727E-003  0.12561005564731850        1.5299747554654531E-003   2.7720000000000068E-002   4.1391942806455576E-004
   6.6105769230769239E-003  0.12541777118647165        1.5306176205182112E-003   2.7720000000000068E-002   4.1391942806455576E-004
   6.5380031779661025E-003  0.12522208222171877        1.5303133495957967E-003   2.7720000000000068E-002   4.1391942806455576E-004
   6.4666491596638651E-003  0.12502970143893372        1.5302778453301887E-003   2.7680000000000069E-002   4.1654664938168309E-004
   6.3964843750000007E-003  0.12484092727723702        1.5304341839469898E-003   2.7680000000000069E-002   4.1654664938168640E-004
   6.3274793388429749E-003  0.12461687231976339        1.5309574083952309E-003   2.7660000000000070E-002   4.1783956130301322E-004
   6.2596055327868855E-003  0.12443407006545006        1.5311987483456529E-003   2.7680000000000069E-002   4.1654664938168472E-004
   6.1928353658536588E-003  0.12425602765340817        1.5311082877197545E-003   2.7660000000000066E-002   4.1783956130301826E-004
   6.1271421370967735E-003  0.12406078920905798        1.5322985885755016E-003   2.7660000000000066E-002   4.1783956130301653E-004
   6.0625000000000002E-003  0.12388648844602580        1.5323194399086586E-003   2.7660000000000070E-002   4.1783956130301490E-004
   5.9988839285714281E-003  0.12370677557387263        1.5333972260524191E-003   2.7620000000000068E-002   4.1457779423739662E-004
   5.9362696850393699E-003  0.12352524859189895        1.5323322553671920E-003   2.7620000000000072E-002   4.1457779423739147E-004
   5.8746337890625000E-003  0.12334012179092063        1.5307311134956272E-003   2.7600000000000069E-002   4.1194292043554310E-004
   5.8139534883720929E-003  0.12316983933104193        1.5309172320934542E-003   2.7600000000000069E-002   4.1194292043554646E-004
   5.7542067307692311E-003  0.12299543226102677        1.5318919826900518E-003   2.7600000000000069E-002   4.1194292043554483E-004
   5.6953721374045805E-003  0.12284359007381665        1.5325407291180292E-003   2.7580000000000066E-002   4.1418777764621847E-004
   5.6374289772727270E-003  0.12268473795559168        1.5321424703577911E-003   2.7580000000000066E-002   4.1418777764621847E-004
   5.5803571428571430E-003  0.12253797038438656        1.5321718703874101E-003   2.7580000000000070E-002   4.1418777764621348E-004
   5.5241371268656718E-003  0.12238521948109550        1.5322658259613825E-003   2.7580000000000070E-002   4.1418777764621511E-004
   5.4687499999999997E-003  0.12223898731225154        1.5332199630985598E-003   2.7580000000000070E-002   4.1418777764621511E-004
   5.4141773897058822E-003  0.12210528185244768        1.5336566130185201E-003   2.7560000000000071E-002   4.1446570205725623E-004
   5.3604014598540150E-003  0.12199409398918044        1.5337663598666250E-003   2.7540000000000071E-002   4.1570677311311336E-004
   5.3074048913043480E-003  0.12186204876651292        1.5345199160840871E-003   2.7540000000000071E-002   4.1570677311310994E-004
   5.2551708633093528E-003  0.12169440005581078        1.5364553705551772E-003   2.7500000000000070E-002   4.1328934272259884E-004
   5.2036830357142854E-003  0.12155590976329528        1.5371287099492689E-003   2.7480000000000070E-002   4.1547830535687124E-004
   5.1529255319148932E-003  0.12141262979769002        1.5358102138918060E-003   2.7460000000000071E-002   4.1473369817755887E-004
   5.1028829225352110E-003  0.12127249793654254        1.5346976152785870E-003   2.7460000000000071E-002   4.1473369817755887E-004
   5.0535402097902100E-003  0.12110944879109441        1.5339629980146477E-003   2.7460000000000071E-002   4.1473369817756223E-004
   5.0048828125000000E-003  0.12097569866169396        1.5335000194760433E-003   2.7460000000000071E-002   4.1473369817756223E-004
   4.9568965517241383E-003  0.12082176190535873        1.5333599756958609E-003   2.7460000000000068E-002   4.1473369817756397E-004
   4.9095676369863015E-003  0.12070319207857221        1.5342432980430761E-003   2.7460000000000068E-002   4.1473369817756397E-004
   4.8628826530612247E-003  0.12057695578557187        1.5349075942618199E-003   2.7460000000000068E-002   4.1473369817756397E-004
   4.8168285472972973E-003  0.12045708240016706        1.5343339365214285E-003   2.7440000000000069E-002   4.1397799190026212E-004
   4.7713926174496645E-003  0.12032989000792498        1.5339942679569267E-003   2.7440000000000069E-002   4.1397799190026548E-004
   4.7265624999999999E-003  0.12021537516030957        1.5330649935448837E-003   2.7440000000000069E-002   4.1397799190026721E-004
   4.6823261589403970E-003  0.12009319867671987        1.5328429356674925E-003   2.7440000000000069E-002   4.1397799190026890E-004
   4.6386718750000000E-003  0.11996741953119669        1.5323749042056192E-003   2.7440000000000069E-002   4.1397799190026890E-004
   4.5955882352941178E-003  0.11985279371749134        1.5313971004761897E-003   2.7420000000000066E-002   4.1516213213586546E-004
   4.5530641233766230E-003  0.11974486824480290        1.5322847557795653E-003   2.7420000000000066E-002   4.1516213213586546E-004
   4.5110887096774192E-003  0.11961401288553755        1.5334117586189243E-003   2.7400000000000070E-002   4.1536159250134410E-004
   4.4696514423076920E-003  0.11950185009896132        1.5342404427355902E-003   2.7400000000000070E-002   4.1536159250134074E-004
   4.4287420382165604E-003  0.11939769393096300        1.5349770687881124E-003   2.7400000000000070E-002   4.1536159250134074E-004
   4.3883504746835443E-003  0.11928353517973701        1.5349106300244673E-003   2.7400000000000070E-002   4.1536159250133570E-004
   4.3484669811320754E-003  0.11919533474388733        1.5354605987958005E-003   2.7400000000000070E-002   4.1536159250133732E-004
   4.3090820312499997E-003  0.11910395724913916        1.5350176965912197E-003   2.7400000000000070E-002   4.1536159250133906E-004
   4.2701863354037270E-003  0.11900404935550361        1.5356537672237857E-003   2.7400000000000070E-002   4.1536159250133906E-004
   4.2317708333333330E-003  0.11891044548200934        1.5360145329053906E-003   2.7400000000000070E-002   4.1536159250133906E-004
   4.1938266871165645E-003  0.11881256130235297        1.5368147944399002E-003   2.7400000000000070E-002   4.1536159250133732E-004
   4.1563452743902437E-003  0.11872636434915411        1.5372880684549472E-003   2.7380000000000067E-002   4.1652239926672082E-004
   4.1193181818181815E-003  0.11862765729764436        1.5375035669318328E-003   2.7380000000000067E-002   4.1652239926672082E-004
   4.0827371987951803E-003  0.11853559592356749        1.5378094440188664E-003   2.7380000000000067E-002   4.1652239926672082E-004
   4.0465943113772457E-003  0.11845149563082633        1.5380174772501426E-003   2.7380000000000071E-002   4.1652239926672082E-004
   4.0108816964285711E-003  0.11836487910006294        1.5384317268119659E-003   2.7360000000000068E-002   4.1863655556647651E-004
   3.9755917159763317E-003  0.11828356948776708        1.5385575132334565E-003   2.7360000000000068E-002   4.1863655556647651E-004
   3.9407169117647058E-003  0.11817656960206488        1.5411474564281211E-003   2.7360000000000068E-002   4.1863655556647987E-004
   3.9062500000000000E-003  0.11810096534609643        1.5412643867531825E-003   2.7360000000000068E-002   4.1863655556647987E-004
   3.8721838662790697E-003  0.11800787067629077        1.5414127336135760E-003   2.7340000000000073E-002   4.1976905627506389E-004
   3.8385115606936419E-003  0.11791989715235443        1.5414227295622268E-003   2.7340000000000073E-002   4.1976905627506226E-004
   3.8052262931034479E-003  0.11784421969633023        1.5413791877388003E-003   2.7340000000000073E-002   4.1976905627506226E-004
   3.7723214285714287E-003  0.11773802595770649        1.5415894470029786E-003   2.7320000000000070E-002   4.1799908172534373E-004
   3.7397904829545451E-003  0.11765461137336387        1.5419842521286380E-003   2.7320000000000070E-002   4.1799908172534037E-004
   3.7076271186440675E-003  0.11757499945415967        1.5421081288244964E-003   2.7320000000000070E-002   4.1799908172534210E-004
   3.6758251404494383E-003  0.11748276258733015        1.5419006863901614E-003   2.7300000000000071E-002   4.1621187300738507E-004
   3.6443784916201120E-003  0.11739984183942850        1.5417415534713396E-003   2.7300000000000071E-002   4.1621187300738507E-004
   3.6132812500000002E-003  0.11730598580995548        1.5405892901791580E-003   2.7280000000000078E-002   4.1635260891398671E-004
   3.5825276243093927E-003  0.11721694138376337        1.5394804509446798E-003   2.7280000000000072E-002   4.1635260891399175E-004
   3.5521119505494509E-003  0.11714230695987136        1.5391128691765567E-003   2.7280000000000072E-002   4.1635260891399679E-004
   3.5220286885245897E-003  0.11706961004478084        1.5386852062601948E-003   2.7280000000000072E-002   4.1635260891399338E-004
   3.4922724184782610E-003  0.11698690142482236        1.5385838183189162E-003   2.7280000000000072E-002   4.1635260891399842E-004
   3.4628378378378380E-003  0.11691449107405917        1.5386819346582350E-003   2.7280000000000072E-002   4.1635260891399511E-004
   3.4337197580645165E-003  0.11684651122440970        1.5381022238950960E-003   2.7280000000000072E-002   4.1635260891399842E-004
   3.4049131016042778E-003  0.11677518188958463        1.5385357771826283E-003   2.7280000000000072E-002   4.1635260891399842E-004
   3.3764128989361699E-003  0.11670819016503510        1.5382667449072461E-003   2.7280000000000072E-002   4.1635260891399842E-004
   3.3482142857142860E-003  0.11663859210850774        1.5388340932348896E-003   2.7280000000000072E-002   4.1635260891399842E-004
   3.3203125000000003E-003  0.11656886332628211        1.5380142516515801E-003   2.7260000000000076E-002   4.1648359614585029E-004
   3.2927028795811516E-003  0.11648779136344296        1.5374915836265668E-003   2.7260000000000076E-002   4.1648359614585029E-004
   3.2653808593750000E-003  0.11641614584539015        1.5372594130788756E-003   2.7260000000000076E-002   4.1648359614585029E-004
   3.2383419689119173E-003  0.11635465473935998        1.5368550879217384E-003   2.7260000000000072E-002   4.1648359614585029E-004
   3.2115818298969071E-003  0.11628470032300545        1.5372731645150093E-003   2.7260000000000072E-002   4.1648359614585029E-004
   3.1850961538461538E-003  0.11621851591055930        1.5374910578645124E-003   2.7260000000000076E-002   4.1648359614584860E-004
   3.1588807397959183E-003  0.11616005310945546        1.5373419144654016E-003   2.7260000000000076E-002   4.1648359614585029E-004
   3.1329314720812181E-003  0.11609653443622051        1.5372036774928244E-003   2.7260000000000076E-002   4.1648359614585029E-004
   3.1072443181818180E-003  0.11603878088037525        1.5377474951766134E-003   2.7260000000000076E-002   4.1648359614585029E-004
   3.0818153266331657E-003  0.11598268783930095        1.5381092201218016E-003   2.7260000000000076E-002   4.1648359614584860E-004
   3.0566406249999999E-003  0.11592802379325370        1.5380616218264660E-003   2.7260000000000076E-002   4.1648359614584860E-004
   3.0317164179104478E-003  0.11586421783596347        1.5379714811296430E-003   2.7260000000000076E-002   4.1648359614584860E-004
   3.0070389851485149E-003  0.11580122717327372        1.5373138512092366E-003   2.7220000000000071E-002   4.1477266500621805E-004
   2.9826046798029559E-003  0.11573050466552058        1.5370008964835737E-003   2.7200000000000071E-002   4.1487493551817061E-004
   2.9584099264705881E-003  0.11565192286866827        1.5369185593845254E-003   2.7160000000000073E-002   4.1699259979383529E-004
   2.9344512195121951E-003  0.11555988564723903        1.5354150538899548E-003   2.7160000000000073E-002   4.1699259979383529E-004
   2.9107251213592233E-003  0.11548188798087770        1.5339457261209068E-003   2.7120000000000075E-002   4.1518646170099352E-004
   2.8872282608695650E-003  0.11540687453635698        1.5319902477554388E-003   2.7120000000000075E-002   4.1518646170099352E-004
   2.8639573317307690E-003  0.11533866758403809        1.5301347386620897E-003   2.7120000000000075E-002   4.1518646170099515E-004
   2.8409090909090910E-003  0.11526392332801021        1.5319348029410665E-003   2.7120000000000075E-002   4.1518646170099515E-004
   2.8180803571428575E-003  0.11520138047870006        1.5319800423441818E-003   2.7120000000000075E-002   4.1518646170099515E-004
   2.7954680094786728E-003  0.11513839737973114        1.5318848021131867E-003   2.7100000000000072E-002   4.1034599837677757E-004
   2.7730689858490570E-003  0.11508097469992298        1.5314935212545437E-003   2.7100000000000072E-002   4.1034599837677757E-004
   2.7508802816901406E-003  0.11501814979205081        1.5313742764270447E-003   2.7100000000000072E-002   4.1034599837677757E-004
   2.7288989485981310E-003  0.11494885964834706        1.5297765028162733E-003   2.7100000000000072E-002   4.1034599837677757E-004
   2.7071220930232559E-003  0.11489385863518990        1.5292243495235553E-003   2.7100000000000072E-002   4.1034599837677931E-004
   2.6855468750000000E-003  0.11483874981980731        1.5283905318860965E-003   2.7100000000000072E-002   4.1034599837677757E-004
   2.6641705069124421E-003  0.11477402958222971        1.5266082470443438E-003   2.7080000000000069E-002   4.0543778558466235E-004
   2.6429902522935780E-003  0.11471571426025461        1.5258768184354865E-003   2.7080000000000069E-002   4.0543778558466235E-004
   2.6220034246575343E-003  0.11466188515612945        1.5246258471832790E-003   2.7080000000000069E-002   4.0543778558466061E-004
   2.6012073863636367E-003  0.11461000253449910        1.5246913383029160E-003   2.7080000000000069E-002   4.0543778558466061E-004
   2.5805995475113126E-003  0.11455971680800667        1.5245298170756469E-003   2.7080000000000069E-002   4.0543778558466061E-004
   2.5601773648648652E-003  0.11450389631504077        1.5225560572604024E-003   2.7080000000000069E-002   4.0543778558465888E-004
   2.5399383408071753E-003  0.11445581526083305        1.5213542314065091E-003   2.7080000000000069E-002   4.0543778558466061E-004
   2.5198800223214289E-003  0.11440331603938328        1.5207369065375858E-003   2.7080000000000069E-002   4.0543778558466235E-004
   2.4999999999999996E-003  0.11435091261993408        1.5190943824962421E-003   2.7080000000000069E-002   4.0543778558465888E-004
   2.4802959070796462E-003  0.11429526332884307        1.5164977756850844E-003   2.7080000000000069E-002   4.0543778558465888E-004
   2.4607654185022027E-003  0.11424870423503176        1.5155370948867527E-003   2.7080000000000069E-002   4.0543778558465888E-004
   2.4414062500000000E-003  0.11419655275794843        1.5138236308429275E-003   2.7080000000000069E-002   4.0543778558465888E-004
   2.4222161572052398E-003  0.11414642873714330        1.5134267629575069E-003   2.7080000000000069E-002   4.0543778558466235E-004
   2.4031929347826083E-003  0.11410507717922261        1.5130027188307092E-003   2.7080000000000069E-002   4.0543778558465888E-004
   2.3843344155844159E-003  0.11406098586968380        1.5128171909933887E-003   2.7080000000000069E-002   4.0543778558465888E-004
   2.3656384698275863E-003  0.11402020493320379        1.5125303932916623E-003   2.7080000000000069E-002   4.0543778558465888E-004
   2.3471030042918452E-003  0.11397746402896587        1.5121252813375000E-003   2.7080000000000069E-002   4.0543778558465888E-004
   2.3287259615384619E-003  0.11393344689546855        1.5113440774983879E-003   2.7080000000000069E-002   4.0543778558465714E-004
   2.3105053191489365E-003  0.11388526738081353        1.5113202829370614E-003   2.7080000000000069E-002   4.0543778558466061E-004
   2.2924390889830512E-003  0.11384481571947834        1.5111825077741567E-003   2.7080000000000069E-002   4.0543778558465888E-004
   2.2745253164556962E-003  0.11380405833799617        1.5113237793464810E-003   2.7060000000000070E-002   4.0547266345349991E-004
   2.2567620798319326E-003  0.11376462404726422        1.5108053401471848E-003   2.7060000000000070E-002   4.0547266345349991E-004
   2.2391474895397494E-003  0.11372806246562604        1.5105809269584359E-003   2.7060000000000070E-002   4.0547266345349991E-004
   2.2216796875000003E-003  0.11369124813286832        1.5100524617986180E-003   2.7060000000000070E-002   4.0547266345349991E-004
   2.2043568464730290E-003  0.11365366591267392        1.5097445362207173E-003   2.7060000000000070E-002   4.0547266345349991E-004
   2.1871771694214875E-003  0.11360068845872978        1.5090226730650213E-003   2.7060000000000070E-002   4.0547266345349991E-004
   2.1701388888888890E-003  0.11355793398306663        1.5089924129684340E-003   2.7060000000000070E-002   4.0547266345349991E-004
   2.1532402663934427E-003  0.11351966778097079        1.5087928268796517E-003   2.7040000000000067E-002   4.0748551439828901E-004
   2.1364795918367343E-003  0.11346921815254390        1.5092994403089299E-003   2.7040000000000067E-002   4.0748551439828901E-004
   2.1198551829268294E-003  0.11343000551167128        1.5093137546428026E-003   2.7040000000000067E-002   4.0748551439828901E-004
   2.1033653846153849E-003  0.11338693407061638        1.5098445866293911E-003   2.7040000000000067E-002   4.0748551439828901E-004
   2.0870085685483868E-003  0.11333884294399627        1.5097698456581379E-003   2.7020000000000072E-002   4.0750038730848030E-004
   2.0707831325301202E-003  0.11328660553497973        1.5090743102873149E-003   2.7000000000000069E-002   4.0451991747793959E-004
   2.0546875000000001E-003  0.11323824969229054        1.5075135002841043E-003   2.7000000000000069E-002   4.0451991747793959E-004
   2.0387201195219123E-003  0.11319254586114452        1.5071589146009934E-003   2.7000000000000069E-002   4.0451991747794306E-004
   2.0228794642857140E-003  0.11314729190738633        1.5071243596253307E-003   2.7000000000000069E-002   4.0451991747793959E-004
   2.0071640316205530E-003  0.11310710122531471        1.5067390443611721E-003   2.7000000000000069E-002   4.0451991747793959E-004
   1.9915723425196850E-003  0.11307237215469336        1.5066585117916374E-003   2.7000000000000069E-002   4.0451991747794306E-004
   1.9761029411764705E-003  0.11303516008718791        1.5059790535169239E-003   2.7000000000000069E-002   4.0451991747794306E-004
   1.9607543945312500E-003  0.11299831918005999        1.5058043955970305E-003   2.7000000000000069E-002   4.0451991747793959E-004
   1.9455252918287938E-003  0.11296406959117522        1.5057592988211733E-003   2.7000000000000069E-002   4.0451991747793959E-004
   1.9304142441860465E-003  0.11292935088210894        1.5059051165268755E-003   2.7000000000000069E-002   4.0451991747793959E-004
   1.9154198841698842E-003  0.11288982713988091        1.5054517211771901E-003   2.7000000000000069E-002   4.0451991747793959E-004
   1.9005408653846156E-003  0.11285859128583900        1.5052048089317163E-003   2.7000000000000069E-002   4.0451991747794132E-004
   1.8857758620689654E-003  0.11282991463674819        1.5052956642825906E-003   2.7000000000000069E-002   4.0451991747794132E-004
   1.8711235687022903E-003  0.11279779840091159        1.5051624911048833E-003   2.7000000000000069E-002   4.0451991747794132E-004
   1.8565826996197717E-003  0.11276345916656569        1.5054722399198944E-003   2.7000000000000069E-002   4.0451991747794132E-004
   1.8421519886363635E-003  0.11272952427224656        1.5052188989700317E-003   2.7000000000000069E-002   4.0451991747794132E-004
   1.8278301886792453E-003  0.11269775639764246        1.5052305185714685E-003   2.7000000000000069E-002   4.0451991747794306E-004
   1.8136160714285715E-003  0.11266500327724006        1.5048717629483014E-003   2.7000000000000069E-002   4.0451991747794306E-004
   1.7995084269662922E-003  0.11262598414971112        1.5052726701447051E-003   2.6980000000000070E-002   4.0551252020178238E-004
   1.7855060634328359E-003  0.11259382798355964        1.5056083638559114E-003   2.6980000000000070E-002   4.0551252020178412E-004
   1.7716078066914499E-003  0.11255005049243166        1.5057977337562503E-003   2.6980000000000066E-002   4.0551252020178585E-004
   1.7578124999999998E-003  0.11250812653166303        1.5062964063627003E-003   2.6980000000000066E-002   4.0551252020178238E-004
   1.7441190036900367E-003  0.11247611406583691        1.5063099569473755E-003   2.6980000000000066E-002   4.0551252020178412E-004
   1.7305261948529411E-003  0.11244139217655151        1.5067041527399079E-003   2.6980000000000070E-002   4.0551252020178412E-004
   1.7170329670329670E-003  0.11241479965170288        1.5066197627000215E-003   2.6980000000000070E-002   4.0551252020178412E-004
   1.7036382299270075E-003  0.11237796072878808        1.5071950913797456E-003   2.6980000000000066E-002   4.0551252020178585E-004
   1.6903409090909091E-003  0.11234293435271298        1.5080377920431238E-003   2.6960000000000067E-002   4.0847585638875157E-004
   1.6771399456521740E-003  0.11231542573302328        1.5082330496908941E-003   2.6960000000000067E-002   4.0847585638875157E-004
   1.6640342960288807E-003  0.11227443096175467        1.5100233828234614E-003   2.6960000000000067E-002   4.0847585638875157E-004
   1.6510229316546764E-003  0.11224306952150519        1.5101691266635898E-003   2.6960000000000067E-002   4.0847585638874816E-004
   1.6381048387096773E-003  0.11221124892141070        1.5110680661511353E-003   2.6960000000000067E-002   4.0847585638875157E-004
   1.6252790178571427E-003  0.11218237804906064        1.5109746925117528E-003   2.6960000000000064E-002   4.0847585638875504E-004
   1.6125444839857651E-003  0.11215049238848529        1.5110997749700149E-003   2.6960000000000064E-002   4.0847585638875331E-004
   1.5999002659574466E-003  0.11212312086197730        1.5111494324069016E-003   2.6960000000000064E-002   4.0847585638875504E-004
   1.5873454063604240E-003  0.11209561297238482        1.5115060500757766E-003   2.6960000000000067E-002   4.0847585638874989E-004
   1.5748789612676055E-003  0.11207025962919374        1.5115667742890992E-003   2.6960000000000067E-002   4.0847585638875157E-004
   1.5625000000000001E-003  0.11203943973237809        1.5118313111084499E-003   2.6960000000000067E-002   4.0847585638875157E-004
   1.5502076048951050E-003  0.11200951745356448        1.5126318922825354E-003   2.6940000000000065E-002   4.1140802818681875E-004
   1.5380008710801393E-003  0.11197657797150651        1.5136083112038637E-003   2.6940000000000065E-002   4.1140802818681702E-004
   1.5258789062500000E-003  0.11194226630317834        1.5149632150145257E-003   2.6940000000000065E-002   4.1140802818681702E-004
   1.5138408304498272E-003  0.11191082751025691        1.5156764336469205E-003   2.6940000000000065E-002   4.1140802818681875E-004
   1.5018857758620691E-003  0.11188250551641567        1.5157195962885333E-003   2.6940000000000065E-002   4.1140802818681875E-004
   1.4900128865979381E-003  0.11185157077740790        1.5165475490995018E-003   2.6940000000000065E-002   4.1140802818681875E-004
   1.4782213184931507E-003  0.11181386132322489        1.5172893263260020E-003   2.6920000000000072E-002   4.1137365354174072E-004
   1.4665102389078500E-003  0.11178056668804476        1.5174228780521677E-003   2.6920000000000069E-002   4.1137365354174235E-004
   1.4548788265306123E-003  0.11175354501026052        1.5180958001990313E-003   2.6920000000000069E-002   4.1137365354174235E-004
   1.4433262711864405E-003  0.11172926887069988        1.5181679788987231E-003   2.6920000000000069E-002   4.1137365354174235E-004
   1.4318517736486487E-003  0.11170192642489432        1.5184037987199307E-003   2.6920000000000069E-002   4.1137365354174235E-004
   1.4204545454545455E-003  0.11167143586439408        1.5182181768231260E-003   2.6920000000000069E-002   4.1137365354174409E-004
   1.4091338087248322E-003  0.11164277187430527        1.5183307899241667E-003   2.6900000000000070E-002   4.1231056256176317E-004
   1.3978887959866220E-003  0.11160769108793016        1.5190545716049328E-003   2.6900000000000066E-002   4.1231056256176653E-004
   1.3867187499999999E-003  0.11158206480434690        1.5194801999313713E-003   2.6900000000000070E-002   4.1231056256176479E-004
   1.3756229235880398E-003  0.11155082146733665        1.5200753937966460E-003   2.6900000000000066E-002   4.1231056256176653E-004
   1.3646005794701985E-003  0.11152796709514545        1.5201417111133622E-003   2.6900000000000066E-002   4.1231056256176653E-004
   1.3536509900990098E-003  0.11149795973513019        1.5207185385213789E-003   2.6900000000000070E-002   4.1231056256176317E-004
   1.3427734375000000E-003  0.11147569514418805        1.5207019169279543E-003   2.6900000000000070E-002   4.1231056256176479E-004
   1.3319672131147540E-003  0.11144861844131192        1.5202763103930993E-003   2.6900000000000070E-002   4.1231056256176479E-004
   1.3212316176470589E-003  0.11142439800704600        1.5198980974647524E-003   2.6900000000000070E-002   4.1231056256176143E-004
   1.3105659609120523E-003  0.11139869052826101        1.5203981543095626E-003   2.6900000000000070E-002   4.1231056256176479E-004
   1.2999695616883115E-003  0.11137223457628675        1.5208802729272503E-003   2.6900000000000070E-002   4.1231056256176317E-004
   1.2894417475728154E-003  0.11134675385253243        1.5207638361980939E-003   2.6900000000000070E-002   4.1231056256176143E-004
   1.2789818548387096E-003  0.11132664775471088        1.5206290310363318E-003   2.6900000000000070E-002   4.1231056256176143E-004
   1.2685892282958198E-003  0.11130583976187626        1.5209020773548779E-003   2.6900000000000066E-002   4.1231056256176479E-004
   1.2582632211538460E-003  0.11128406338499648        1.5211333009591513E-003   2.6900000000000066E-002   4.1231056256176479E-004
   1.2480031948881791E-003  0.11126524240164586        1.5210716697238893E-003   2.6900000000000070E-002   4.1231056256176143E-004
   1.2378085191082802E-003  0.11124112381434025        1.5209840803529586E-003   2.6900000000000066E-002   4.1231056256176479E-004
   1.2276785714285714E-003  0.11121746938221992        1.5208252897043458E-003   2.6900000000000070E-002   4.1231056256176317E-004
   1.2176127373417721E-003  0.11119945889275339        1.5209447617513749E-003   2.6900000000000070E-002   4.1231056256176317E-004
   1.2076104100946371E-003  0.11117412801703322        1.5204566507888684E-003   2.6880000000000067E-002   4.0930589188443409E-004
   1.1976709905660377E-003  0.11115137792441546        1.5206035444353257E-003   2.6880000000000067E-002   4.0930589188443409E-004
   1.1877938871473355E-003  0.11112863312252205        1.5204902595546397E-003   2.6880000000000067E-002   4.0930589188443409E-004
   1.1779785156249998E-003  0.11110821206241811        1.5206354840695934E-003   2.6880000000000064E-002   4.0930589188443582E-004
   1.1682242990654207E-003  0.11108440415926214        1.5201141997228790E-003   2.6880000000000064E-002   4.0930589188443582E-004
   1.1585306677018635E-003  0.11106125781705498        1.5201673416894998E-003   2.6880000000000064E-002   4.0930589188443582E-004
   1.1488970588235292E-003  0.11103552390066791        1.5196602710381636E-003   2.6880000000000064E-002   4.0930589188443582E-004
   1.1393229166666665E-003  0.11100696485038487        1.5187081374899978E-003   2.6860000000000064E-002   4.0924172304249043E-004
   1.1298076923076921E-003  0.11097678793320602        1.5183008676857138E-003   2.6860000000000064E-002   4.0924172304249217E-004
   1.1203508435582822E-003  0.11094686419676672        1.5180033437207116E-003   2.6860000000000064E-002   4.0924172304249043E-004
   1.1109518348623852E-003  0.11092289506770918        1.5181420478983976E-003   2.6860000000000064E-002   4.0924172304249043E-004
   1.1016101371951218E-003  0.11090090406736582        1.5182471964283557E-003   2.6860000000000064E-002   4.0924172304248870E-004
   1.0923252279635260E-003  0.11088080112102780        1.5179309617755379E-003   2.6860000000000064E-002   4.0924172304249043E-004
   1.0830965909090907E-003  0.11086086003119650        1.5180545663513712E-003   2.6860000000000064E-002   4.0924172304249217E-004
   1.0739237160120848E-003  0.11083516416289306        1.5178276302330995E-003   2.6860000000000064E-002   4.0924172304249043E-004
   1.0648060993975902E-003  0.11081766661920828        1.5177307182848109E-003   2.6860000000000064E-002   4.0924172304249217E-004
   1.0557432432432433E-003  0.11079843610339454        1.5175164415118648E-003   2.6860000000000064E-002   4.0924172304249043E-004
   1.0467346556886229E-003  0.11078027773705409        1.5175356824300625E-003   2.6860000000000064E-002   4.0924172304249217E-004
   1.0377798507462685E-003  0.11076036026607777        1.5175200779334371E-003   2.6840000000000065E-002   4.0519854218130864E-004
   1.0288783482142855E-003  0.11073813513400964        1.5172937727621872E-003   2.6820000000000066E-002   4.0610990202807619E-004
   1.0200296735905045E-003  0.11070646292174990        1.5168761223433771E-003   2.6820000000000066E-002   4.0610990202807619E-004
   1.0112333579881659E-003  0.11068844810617509        1.5167620021694400E-003   2.6820000000000066E-002   4.0610990202807619E-004
   1.0024889380530972E-003  0.11066625106509079        1.5157305858528314E-003   2.6820000000000066E-002   4.0610990202807272E-004
   9.9379595588235288E-004  0.11063352443713505        1.5153217352200433E-003   2.6820000000000066E-002   4.0610990202807619E-004
   9.8515395894428152E-004  0.11061458649783221        1.5150172178313589E-003   2.6820000000000066E-002   4.0610990202807619E-004
   9.7656250000000000E-004  0.11058538984409884        1.5146409121530025E-003   2.6820000000000066E-002   4.0610990202807445E-004
   9.6802113702623921E-004  0.11056070266484698        1.5141037245291818E-003   2.6820000000000066E-002   4.0610990202807619E-004
   9.5952943313953485E-004  0.11052750024473544        1.5116432388104319E-003   2.6820000000000066E-002   4.0610990202807792E-004
   9.5108695652173928E-004  0.11050288856978378        1.5108948890471320E-003   2.6820000000000066E-002   4.0610990202807445E-004
   9.4269328034682093E-004  0.11048606032727867        1.5108526899834595E-003   2.6820000000000066E-002   4.0610990202807619E-004
   9.3434798270893363E-004  0.11046577073257888        1.5107311653042364E-003   2.6820000000000066E-002   4.0610990202807619E-004
   9.2605064655172393E-004  0.11044784940827722        1.5107912767365298E-003   2.6820000000000066E-002   4.0610990202807445E-004
   9.1780085959885377E-004  0.11043172575367714        1.5107352327483853E-003   2.6820000000000066E-002   4.0610990202807445E-004
   9.0959821428571435E-004  0.11041180490631898        1.5101358372085491E-003   2.6820000000000066E-002   4.0610990202807272E-004
   9.0144230769230753E-004  0.11039503736907522        1.5099869173444309E-003   2.6820000000000066E-002   4.0610990202807445E-004
   8.9333274147727253E-004  0.11037657326113839        1.5100096555843892E-003   2.6820000000000066E-002   4.0610990202807445E-004
   8.8526912181303118E-004  0.11036155580249822        1.5101336328097992E-003   2.6820000000000066E-002   4.0610990202807619E-004
   8.7725105932203373E-004  0.11034520996134937        1.5101872202263483E-003   2.6820000000000066E-002   4.0610990202807445E-004
   8.6927816901408465E-004  0.11032771772361133        1.5098863356741348E-003   2.6820000000000066E-002   4.0610990202807619E-004
   8.6135007022471914E-004  0.11031184788960741        1.5096412317307730E-003   2.6820000000000066E-002   4.0610990202807619E-004
   8.5346638655462185E-004  0.11029723359355632        1.5097392991722405E-003   2.6820000000000066E-002   4.0610990202807445E-004
   8.4562674581005600E-004  0.11028123216882589        1.5095069439137886E-003   2.6820000000000066E-002   4.0610990202807445E-004
   8.3783077994428962E-004  0.11026488451880091        1.5093800289752615E-003   2.6820000000000066E-002   4.0610990202807792E-004
   8.3007812500000009E-004  0.11024998646974399        1.5094115326378195E-003   2.6820000000000066E-002   4.0610990202807792E-004
   8.2236842105263153E-004  0.11023378832580995        1.5088454664562924E-003   2.6820000000000066E-002   4.0610990202807792E-004
   8.1470131215469633E-004  0.11021796803857266        1.5087750003490873E-003   2.6820000000000066E-002   4.0610990202807792E-004
   8.0707644628099165E-004  0.11020353663066258        1.5087599518770105E-003   2.6820000000000066E-002   4.0610990202807792E-004
   7.9949347527472547E-004  0.11019022466812693        1.5086405569355484E-003   2.6820000000000066E-002   4.0610990202807792E-004
   7.9195205479452076E-004  0.11017522928741980        1.5084742289481700E-003   2.6820000000000066E-002   4.0610990202807792E-004
   7.8445184426229487E-004  0.11015993568046938        1.5084991751402085E-003   2.6820000000000066E-002   4.0610990202807792E-004
   7.7699250681198930E-004  0.11014488731439405        1.5085779765533762E-003   2.6820000000000066E-002   4.0610990202807792E-004
   7.6957370923913049E-004  0.11013095829808725        1.5084206542529282E-003   2.6820000000000066E-002   4.0610990202807792E-004
   7.6219512195121932E-004  0.11011779156068888        1.5084196983446399E-003   2.6820000000000066E-002   4.0610990202807792E-004
   7.5485641891891902E-004  0.11010480859371995        1.5084853745478640E-003   2.6820000000000066E-002   4.0610990202807966E-004
   7.4755727762803236E-004  0.11009161998497045        1.5085257240690978E-003   2.6820000000000066E-002   4.0610990202807792E-004
   7.4029737903225827E-004  0.11007839654325074        1.5084321170115065E-003   2.6820000000000066E-002   4.0610990202807792E-004
   7.3307640750670247E-004  0.11006434943310273        1.5083993922716859E-003   2.6820000000000066E-002   4.0610990202807966E-004
   7.2589405080213890E-004  0.11004998810574397        1.5084371492060389E-003   2.6820000000000066E-002   4.0610990202808139E-004
   7.1875000000000020E-004  0.11003616333582075        1.5084594158295444E-003   2.6820000000000066E-002   4.0610990202807792E-004
   7.1164394946808497E-004  0.11002235136533139        1.5084713841177859E-003   2.6820000000000066E-002   4.0610990202807966E-004
   7.0457559681697630E-004  0.11001014005165001        1.5085494762934124E-003   2.6820000000000066E-002   4.0610990202808139E-004
   6.9754464285714298E-004  0.10999617670821089        1.5085348778605093E-003   2.6820000000000066E-002   4.0610990202808139E-004
   6.9055079155672843E-004  0.10998122499607423        1.5085413551862074E-003   2.6820000000000066E-002   4.0610990202807966E-004
   6.8359375000000017E-004  0.10996977447222660        1.5083734333525586E-003   2.6820000000000066E-002   4.0610990202808139E-004
   6.7667322834645679E-004  0.10995838619926128        1.5083712537014462E-003   2.6820000000000066E-002   4.0610990202807966E-004
   6.6978893979057581E-004  0.10994644283838757        1.5083498542203635E-003   2.6820000000000066E-002   4.0610990202807619E-004
   6.6294060052219305E-004  0.10993410674950072        1.5082404334684242E-003   2.6820000000000066E-002   4.0610990202807792E-004
   6.5612792968750000E-004  0.10992203727420818        1.5084215283706836E-003   2.6820000000000066E-002   4.0610990202807619E-004
   6.4935064935064957E-004  0.10991163207279460        1.5084237503548827E-003   2.6820000000000066E-002   4.0610990202807792E-004
   6.4260848445595866E-004  0.10989918355932836        1.5084269655608080E-003   2.6820000000000066E-002   4.0610990202807619E-004
   6.3590116279069750E-004  0.10988613736593596        1.5084337841465257E-003   2.6820000000000066E-002   4.0610990202807792E-004
   6.2922841494845354E-004  0.10987400517049832        1.5083949678271016E-003   2.6820000000000066E-002   4.0610990202807966E-004
   6.2258997429305921E-004  0.10986178141871075        1.5083402457269613E-003   2.6820000000000066E-002   4.0610990202807966E-004
   6.1598557692307690E-004  0.10984824057365113        1.5081889181378020E-003   2.6820000000000066E-002   4.0610990202807792E-004
   6.0941496163682872E-004  0.10983702741025915        1.5083618791880984E-003   2.6820000000000066E-002   4.0610990202807966E-004
   6.0287786989795915E-004  0.10982614172299256        1.5083238666069813E-003   2.6820000000000066E-002   4.0610990202807619E-004
   5.9637404580152684E-004  0.10981479921372685        1.5082900468853231E-003   2.6820000000000066E-002   4.0610990202807792E-004
   5.8990323604060906E-004  0.10980272582133559        1.5083765767430896E-003   2.6820000000000066E-002   4.0610990202807619E-004
   5.8346518987341780E-004  0.10979122815961713        1.5083983479935283E-003   2.6820000000000066E-002   4.0610990202807619E-004
   5.7705965909090901E-004  0.10977862422251330        1.5083441847785818E-003   2.6820000000000066E-002   4.0610990202807619E-004
   5.7068639798488674E-004  0.10976751768618254        1.5084938784488669E-003   2.6820000000000066E-002   4.0610990202807792E-004
   5.6434516331658286E-004  0.10975630198388740        1.5085133089238058E-003   2.6820000000000066E-002   4.0610990202807792E-004
   5.5803571428571447E-004  0.10974691172529288        1.5086059493541839E-003   2.6820000000000066E-002   4.0610990202807792E-004
   5.5175781249999995E-004  0.10973570497925930        1.5086483111310925E-003   2.6820000000000066E-002   4.0610990202807792E-004
   5.4551122194513701E-004  0.10972483888721118        1.5086693264526460E-003   2.6820000000000066E-002   4.0610990202807966E-004
   5.3929570895522392E-004  0.10971378066489140        1.5087666642714282E-003   2.6820000000000066E-002   4.0610990202807619E-004
   5.3311104218362266E-004  0.10970224717915583        1.5088568177721326E-003   2.6820000000000066E-002   4.0610990202807619E-004
   5.2695699257425746E-004  0.10969146784534028        1.5088672159558991E-003   2.6820000000000066E-002   4.0610990202807619E-004
   5.2083333333333322E-004  0.10968173143359496        1.5089318290391592E-003   2.6820000000000066E-002   4.0610990202807792E-004
   5.1473983990147796E-004  0.10967090847551035        1.5089923639798252E-003   2.6820000000000066E-002   4.0610990202807619E-004
   5.0867628992629001E-004  0.10965975138835962        1.5089424288041947E-003   2.6820000000000066E-002   4.0610990202807792E-004
   5.0264246323529407E-004  0.10964883851281129        1.5089479126636823E-003   2.6820000000000066E-002   4.0610990202807792E-004
   4.9663814180929107E-004  0.10963939593911859        1.5089905228626011E-003   2.6820000000000066E-002   4.0610990202808139E-004
   4.9066310975609756E-004  0.10962872198820939        1.5090146452483668E-003   2.6820000000000066E-002   4.0610990202807792E-004
   4.8471715328467137E-004  0.10961875276611809        1.5089657557644518E-003   2.6820000000000066E-002   4.0610990202807966E-004
   4.7880006067961165E-004  0.10960889110517300        1.5089789550295312E-003   2.6820000000000066E-002   4.0610990202807792E-004
   4.7291162227602922E-004  0.10959883309706399        1.5090069026799369E-003   2.6820000000000066E-002   4.0610990202807792E-004
   4.6705163043478251E-004  0.10958786005701075        1.5089671302937584E-003   2.6820000000000066E-002   4.0610990202807792E-004
   4.6121987951807221E-004  0.10957787664041881        1.5090612331458138E-003   2.6820000000000066E-002   4.0610990202807792E-004
   4.5541616586538452E-004  0.10956788368936031        1.5090764132219005E-003   2.6820000000000066E-002   4.0610990202807792E-004
   4.4964028776978398E-004  0.10955732333905636        1.5091508282137913E-003   2.6820000000000066E-002   4.0610990202807619E-004
   4.4389204545454549E-004  0.10954778886572324        1.5091852301057453E-003   2.6820000000000066E-002   4.0610990202807619E-004
   4.3817124105011932E-004  0.10953595861501174        1.5091502577855511E-003   2.6820000000000066E-002   4.0610990202807619E-004
   4.3247767857142877E-004  0.10952476860305277        1.5091605161452475E-003   2.6820000000000066E-002   4.0610990202807619E-004
   4.2681116389548706E-004  0.10951258121235505        1.5091238477985543E-003   2.6820000000000066E-002   4.0610990202807619E-004
   4.2117150473933640E-004  0.10950122094970340        1.5091221905132852E-003   2.6820000000000066E-002   4.0610990202807619E-004
   4.1555851063829804E-004  0.10949078766610178        1.5092238619758074E-003   2.6820000000000066E-002   4.0610990202807619E-004
   4.0997199292452848E-004  0.10947949012210442        1.5091443200390109E-003   2.6820000000000066E-002   4.0610990202807619E-004
   4.0441176470588230E-004  0.10946498618366549        1.5089394149136858E-003   2.6820000000000066E-002   4.0610990202807619E-004
   3.9887764084507032E-004  0.10945576642640070        1.5089336872423636E-003   2.6820000000000066E-002   4.0610990202807619E-004
   3.9336943793911007E-004  0.10944473258035646        1.5088284131793660E-003   2.6820000000000066E-002   4.0610990202807619E-004
   3.8788697429906552E-004  0.10942586389354597        1.5082383906321116E-003   2.6800000000000063E-002   4.0501901688736228E-004
   3.8243006993006999E-004  0.10940448634940178        1.5078508369909854E-003   2.6780000000000068E-002   4.0591087243831869E-004
   3.7699854651162797E-004  0.10936139972499412        1.5042532973149852E-003   2.6760000000000065E-002   4.0279829275515600E-004
   3.7159222737819008E-004  0.10934204979293398        1.5037247026778464E-003   2.6760000000000065E-002   4.0279829275515248E-004
   3.6621093750000000E-004  0.10931600641720587        1.5025085014973155E-003   2.6760000000000065E-002   4.0279829275515248E-004
   3.6085450346420335E-004  0.10929618965115058        1.5019440157090890E-003   2.6760000000000065E-002   4.0279829275515600E-004
   3.5552275345622107E-004  0.10927237084214793        1.5015816090699922E-003   2.6760000000000065E-002   4.0279829275515248E-004
   3.5021551724137914E-004  0.10926066681276315        1.5013877772414191E-003   2.6760000000000065E-002   4.0279829275515248E-004
   3.4493262614678898E-004  0.10924934116253024        1.5013733951323852E-003   2.6760000000000065E-002   4.0279829275515421E-004
   3.3967391304347847E-004  0.10923727847413632        1.5014567011387076E-003   2.6760000000000065E-002   4.0279829275515421E-004
   3.3443921232876716E-004  0.10922571337308487        1.5012735956351584E-003   2.6760000000000065E-002   4.0279829275515248E-004
   3.2922835990888393E-004  0.10921179513775617        1.5011640743132408E-003   2.6760000000000065E-002   4.0279829275515421E-004
   3.2404119318181837E-004  0.10919428717618437        1.5004679791752831E-003   2.6760000000000065E-002   4.0279829275515248E-004
   3.1887755102040808E-004  0.10918328739647448        1.5003294361300176E-003   2.6760000000000065E-002   4.0279829275515248E-004
   3.1373727375565630E-004  0.10917178103017205        1.5003576329571874E-003   2.6760000000000065E-002   4.0279829275515248E-004
   3.0862020316027106E-004  0.10915887837784893        1.5004125414420930E-003   2.6760000000000065E-002   4.0279829275515421E-004
   3.0352618243243258E-004  0.10914809770782335        1.5004236488515088E-003   2.6760000000000065E-002   4.0279829275515248E-004
   2.9845505617977523E-004  0.10913929689832363        1.5003164777919297E-003   2.6760000000000065E-002   4.0279829275515248E-004
   2.9340667040358764E-004  0.10913011695809569        1.5001953989705976E-003   2.6760000000000065E-002   4.0279829275515248E-004
   2.8838087248322149E-004  0.10912217400199235        1.5002131389723527E-003   2.6760000000000065E-002   4.0279829275515600E-004
   2.8337751116071447E-004  0.10911227893854530        1.5002478270101254E-003   2.6760000000000065E-002   4.0279829275515600E-004
   2.7839643652561230E-004  0.10910245509190826        1.5002503612567071E-003   2.6760000000000065E-002   4.0279829275515600E-004
   2.7343749999999981E-004  0.10909364003060248        1.5002365536828895E-003   2.6760000000000065E-002   4.0279829275515080E-004
   2.6850055432372502E-004  0.10908379279589717        1.5001088971808136E-003   2.6760000000000065E-002   4.0279829275515248E-004
   2.6358545353982309E-004  0.10907565101155997        1.5000594269021759E-003   2.6760000000000065E-002   4.0279829275515248E-004
   2.5869205298013247E-004  0.10906484186294151        1.4997922936804298E-003   2.6760000000000065E-002   4.0279829275515248E-004
   2.5382020925110134E-004  0.10905628729814718        1.4998071359271124E-003   2.6760000000000065E-002   4.0279829275515421E-004
   2.4896978021978020E-004  0.10904837553401477        1.4997716033944141E-003   2.6760000000000065E-002   4.0279829275515600E-004
   2.4414062500000000E-004  0.10904123883502766        1.4997337112220622E-003   2.6760000000000065E-002   4.0279829275515421E-004
   2.3933260393873071E-004  0.10903243651011131        1.4996984718257194E-003   2.6760000000000065E-002   4.0279829275515421E-004
   2.3454557860261988E-004  0.10902394077367684        1.4997142966519503E-003   2.6760000000000065E-002   4.0279829275515600E-004
   2.2977941176470593E-004  0.10901591254629865        1.4997481397235183E-003   2.6760000000000065E-002   4.0279829275515600E-004
   2.2503396739130413E-004  0.10900671960293933        1.4998116106133053E-003   2.6760000000000065E-002   4.0279829275515421E-004
   2.2030911062906723E-004  0.10899944337719936        1.4997879944457085E-003   2.6760000000000065E-002   4.0279829275515421E-004
   2.1560470779220797E-004  0.10899151436759170        1.4998245659870934E-003   2.6760000000000065E-002   4.0279829275515600E-004
   2.1092062634989195E-004  0.10898320123299401        1.4998521090856744E-003   2.6760000000000065E-002   4.0279829275515248E-004
   2.0625673491379316E-004  0.10897413177250118        1.4996292049467594E-003   2.6760000000000065E-002   4.0279829275515248E-004
   2.0161290322580653E-004  0.10896630165317246        1.4996343117611194E-003   2.6760000000000065E-002   4.0279829275515600E-004
   1.9698900214592261E-004  0.10895791003757602        1.4995913294023994E-003   2.6760000000000065E-002   4.0279829275515600E-004
   1.9238490364025711E-004  0.10895001836933155        1.4996311203693082E-003   2.6760000000000065E-002   4.0279829275515600E-004
   1.8780048076923097E-004  0.10894269447142645        1.4996230789677445E-003   2.6760000000000065E-002   4.0279829275515600E-004
   1.8323560767590603E-004  0.10893514390567038        1.4995394183333235E-003   2.6760000000000065E-002   4.0279829275515248E-004
   1.7869015957446823E-004  0.10892699903723656        1.4996063417617330E-003   2.6760000000000065E-002   4.0279829275515421E-004
   1.7416401273885346E-004  0.10891971805845531        1.4995392440153772E-003   2.6760000000000065E-002   4.0279829275515421E-004
   1.6965704449152562E-004  0.10891269223132732        1.4995593002701301E-003   2.6760000000000065E-002   4.0279829275515421E-004
   1.6516913319238914E-004  0.10890589223239518        1.4995836845746052E-003   2.6760000000000065E-002   4.0279829275515421E-004
   1.6070015822784809E-004  0.10889847890136270        1.4995760719533945E-003   2.6760000000000065E-002   4.0279829275515421E-004
   1.5625000000000014E-004  0.10889137254389653        1.4995451952179396E-003   2.6760000000000065E-002   4.0279829275515421E-004
   1.5181853991596628E-004  0.10888398209256860        1.4995583921302619E-003   2.6760000000000065E-002   4.0279829275515248E-004
   1.4740566037735846E-004  0.10887685096204512        1.4995140465576639E-003   2.6760000000000065E-002   4.0279829275515248E-004
   1.4301124476987469E-004  0.10886953961999145        1.4995038891213494E-003   2.6760000000000065E-002   4.0279829275515248E-004
   1.3863517745302733E-004  0.10886244006121645        1.4995330682377420E-003   2.6760000000000065E-002   4.0279829275515248E-004
   1.3427734375000017E-004  0.10885560070250883        1.4994862638622332E-003   2.6760000000000065E-002   4.0279829275515248E-004
   1.2993762993762994E-004  0.10884883856801386        1.4995204976947457E-003   2.6760000000000065E-002   4.0279829275515248E-004
   1.2561592323651451E-004  0.10884106012384734        1.4995241256700810E-003   2.6760000000000065E-002   4.0279829275515248E-004
   1.2131211180124203E-004  0.10883378590819166        1.4995541391462992E-003   2.6760000000000065E-002   4.0279829275515600E-004
   1.1702608471074374E-004  0.10882673919589235        1.4995366713921000E-003   2.6760000000000065E-002   4.0279829275515248E-004
   1.1275773195876292E-004  0.10881999751852905        1.4994737586200282E-003   2.6760000000000065E-002   4.0279829275515774E-004
   1.0850694444444449E-004  0.10881316725622316        1.4994166706543753E-003   2.6760000000000065E-002   4.0279829275515421E-004
   1.0427361396303904E-004  0.10880601726089831        1.4994541618340116E-003   2.6760000000000065E-002   4.0279829275515421E-004
   1.0005763319672137E-004  0.10879919995560082        1.4994314527636567E-003   2.6760000000000065E-002   4.0279829275515421E-004
   9.5858895705521353E-005  0.10879250647053131        1.4994493491117464E-003   2.6760000000000065E-002   4.0279829275515600E-004
   9.1677295918367145E-005  0.10878586270874573        1.4994442229161668E-003   2.6760000000000065E-002   4.0279829275515600E-004
   8.7512729124236341E-005  0.10877934526875649        1.4993942261342429E-003   2.6760000000000065E-002   4.0279829275515600E-004
   8.3365091463414708E-005  0.10877330103875343        1.4994514830178138E-003   2.6760000000000065E-002   4.0279829275515421E-004
   7.9234279918864205E-005  0.10876628141812655        1.4994348589610937E-003   2.6760000000000065E-002   4.0279829275515421E-004
   7.5120192307692474E-005  0.10875946042293518        1.4994840547793071E-003   2.6760000000000065E-002   4.0279829275515600E-004
   7.1022727272727296E-005  0.10875322233198834        1.4995204443328536E-003   2.6760000000000065E-002   4.0279829275515600E-004
   6.6941784274193381E-005  0.10874737934487209        1.4994907166936734E-003   2.6760000000000065E-002   4.0279829275515600E-004
   6.2877263581488912E-005  0.10874112935961998        1.4994989658931302E-003   2.6760000000000065E-002   4.0279829275515600E-004
   5.8829066265060105E-005  0.10873452044542946        1.4994676308827731E-003   2.6760000000000068E-002   4.0279829275515248E-004
   5.4797094188376808E-005  0.10872885223664269        1.4994568011284886E-003   2.6760000000000065E-002   4.0279829275515600E-004
   5.0781250000000045E-005  0.10872353636867800        1.4994442096075565E-003   2.6760000000000065E-002   4.0279829275515421E-004
   4.6781437125748438E-005  0.10871740413552229        1.4993578104474201E-003   2.6760000000000065E-002   4.0279829275515600E-004
   4.2797559760956137E-005  0.10871135940890214        1.4993529339751021E-003   2.6760000000000065E-002   4.0279829275515248E-004
   3.8829522862823124E-005  0.10870494923774339        1.4992995792865896E-003   2.6760000000000068E-002   4.0279829275514901E-004
   3.4877232142857019E-005  0.10869941713015482        1.4993130343901534E-003   2.6760000000000068E-002   4.0279829275515248E-004
   3.0940594059405968E-005  0.10869383191307552        1.4993260133531045E-003   2.6760000000000068E-002   4.0279829275515248E-004
   2.7019515810276524E-005  0.10868472367678556        1.4991065317686068E-003   2.6760000000000068E-002   4.0279829275515080E-004
   2.3113905325443905E-005  0.10867599628040824        1.4989114115338314E-003   2.6760000000000068E-002   4.0279829275515248E-004
   1.9223671259842486E-005  0.10866765255877571        1.4987392364926879E-003   2.6740000000000066E-002   4.0166823839753190E-004
   1.5348722986247357E-005  0.10866153189556424        1.4987438883459683E-003   2.6740000000000066E-002   4.0166823839753190E-004
   1.1488970588235253E-005  0.10865496917259526        1.4985849423898795E-003   2.6740000000000066E-002   4.0166823839753190E-004
   7.6443248532291792E-006  0.10863518513331127        1.4978652404055621E-003   2.6740000000000062E-002   4.0166823839753364E-004
   3.8146972656250000E-006  0.10862227318898957        1.4973660576165166E-003   2.6740000000000066E-002   4.0166823839753190E-004
   0.0000000000000000       0.10860951663641058        1.4968369826332995E-003   2.6740000000000066E-002   4.0166823839753190E-004
