   1.0000000000000000        1.5767359977127777        3.8900303554791995E-003  0.19601999999999950        1.4665275416107931E-003
  0.99804687500000000        1.5737054783688236        3.8011733767652654E-003  0.19497999999999943        1.5723610246757408E-003
  0.99609375000000000        1.5707382711563074        3.4318381208357646E-003  0.19541999999999965        1.5072337361381281E-003
  0.99414062500000000        1.5708275520212707        3.5256237513953668E-003  0.19499999999999953        1.4791479939068107E-003
  0.99218750000000000        1.5724752133697533        3.6567125968261700E-003  0.19301999999999953        1.2708050419106703E-003
  0.99023437500000000        1.5699842027959143        3.6962155245262897E-003  0.19373999999999955        1.4452024429158256E-003
  0.98828125000000000        1.5606331094171200        3.4580244965481794E-003  0.19323999999999944        1.3241440917656404E-003
  0.98632812500000000        1.5655378409664720        3.4200061819448916E-003  0.19331999999999960        1.3439636839729006E-003
  0.98437500000000000        1.5636153417451857        3.5669139209716103E-003  0.19199999999999964        1.1979780946040337E-003
  0.98242187500000000        1.5581228861608074        3.3682905046161539E-003  0.19127999999999962        1.4231903270716037E-003
  0.98046875000000000        1.5510049165188446        3.2629956708007035E-003  0.19019999999999954        1.3542301849905234E-003
  0.97851562500000000        1.5450571093770711        3.4962278857957893E-003  0.18969999999999956        1.3973640408376745E-003
  0.97656250000000000        1.5423596260147394        3.6957915808230137E-003  0.18811999999999951        1.5103200543813964E-003
  0.97460937500000000        1.5428422529140613        4.0408006070583096E-003  0.18871999999999950        1.5198405019985705E-003
  0.97265625000000000        1.5482878052110192        3.6142341100212512E-003  0.18939999999999954        1.2078865422670570E-003
  0.97070312500000000        1.5406294330091768        3.7902971986669689E-003  0.18663999999999956        1.3516559241810097E-003
  0.96875000000000000        1.5385501700101187        3.6815871870362823E-003  0.18653999999999957        1.2788425954112646E-003
  0.96679687500000000        1.5335668056747098        3.4093103043038460E-003  0.18665999999999960        1.5590867567749636E-003
  0.96484375000000000        1.5387020293163942        3.6053703563271636E-003  0.18657999999999966        1.4609516754427970E-003
  0.96289062500000000        1.5359643395266431        3.7691717871031413E-003  0.18691999999999950        1.3714019958946113E-003
  0.96093750000000000        1.5328668494775020        3.7748573376066887E-003  0.18739999999999951        1.5301680108452597E-003
  0.95898437500000000        1.5330311320995191        4.1166222063064983E-003  0.18665999999999960        1.5313702849064812E-003
  0.95703125000000000        1.5232177193213960        3.7854308721056830E-003  0.18409999999999954        1.3851667295625104E-003
  0.95507812500000000        1.5147791412802516        3.7162739181299900E-003  0.17993999999999957        1.2188602061024394E-003
  0.95312500000000000        1.5134705068830407        3.6695797621199835E-003  0.18099999999999963        1.2803093060629943E-003
  0.95117187500000000        1.5112708278669680        3.6444392826278592E-003  0.17985999999999960        1.4785346280911131E-003
  0.94921875000000000        1.5101582042350716        3.5881575266435983E-003  0.17995999999999954        1.3076248805689219E-003
  0.94726562500000000        1.5047369645055861        3.7342563700916861E-003  0.17807999999999960        1.5504759777486014E-003
  0.94531250000000000        1.5016318074542263        3.9467667249844362E-003  0.17899999999999955        1.4593481317687327E-003
  0.94335937500000000        1.4982776060640597        4.0171999524812648E-003  0.17871999999999966        1.4662588964827433E-003
  0.94140625000000000        1.4980789934487850        4.0074760303387257E-003  0.17793999999999963        1.5317396197219806E-003
  0.93945312500000000        1.4938300636210786        3.7955604198827036E-003  0.17693999999999954        1.4423479735375048E-003
  0.93750000000000000        1.4869844645645389        3.3360043736335595E-003  0.17491999999999966        1.4908258168415225E-003
  0.93554687500000000        1.4832105746033017        3.9517403422432438E-003  0.17443999999999960        1.5139966507841918E-003
  0.93359375000000000        1.4812613539152080        3.9183677043059095E-003  0.17197999999999955        1.3012798672573285E-003
  0.93164062500000000        1.4739992512598894        4.0196123790167890E-003  0.17115999999999956        1.4202517915901810E-003
  0.92968750000000000        1.4708637778048581        3.7309019158284044E-003  0.17143999999999959        1.4790332632970895E-003
  0.92773437500000000        1.4753074454798345        3.6451939918212412E-003  0.17281999999999950        1.4419669506854087E-003
  0.92578125000000000        1.4773105139495006        3.5911968713478633E-003  0.17233999999999944        1.4013139577129748E-003
  0.92382812500000000        1.4728622805439091        3.6219160469027219E-003  0.17135999999999960        1.5022891623361597E-003
  0.92187500000000000        1.4709356716207864        3.6776223895143055E-003  0.17193999999999959        1.4434680460612072E-003
  0.91992187500000000        1.4710303298324880        3.5939967505493782E-003  0.17023999999999959        1.2818168923268377E-003
  0.91796875000000000        1.4678117878174515        3.4729499525474349E-003  0.17039999999999961        1.3656685194623499E-003
  0.91601562500000000        1.4617078963464181        3.7012378628108696E-003  0.16815999999999956        1.4876406647691763E-003
  0.91406250000000000        1.4589173903910666        3.5435763107948535E-003  0.16761999999999957        1.2699144964456639E-003
  0.91210937500000000        1.4568613608714025        4.2717541401514902E-003  0.16749999999999957        1.3842913805491362E-003
  0.91015625000000000        1.4520490785415658        3.8167999386886789E-003  0.16653999999999958        1.2658226853343542E-003
  0.90820312500000000        1.4489779723783085        3.8314520528727088E-003  0.16647999999999963        1.2725922006247181E-003
  0.90625000000000000        1.4445250571807282        3.5428390154998530E-003  0.16549999999999962        1.4285331885213668E-003
  0.90429687500000000        1.4412905646477860        3.6092708480009485E-003  0.16459999999999958        1.2956804694012321E-003
  0.90234375000000000        1.4347698686333681        3.7698849591878704E-003  0.16143999999999964        1.2760671905301018E-003
  0.90039062500000000        1.4346657332000339        3.8560417547949186E-003  0.16183999999999962        1.2353971266787216E-003
  0.89843750000000000        1.4339924445283128        4.0259367654431029E-003  0.16161999999999960        1.3216747869367496E-003
  0.89648437500000000        1.4282106524380433        3.7671130495920205E-003  0.16027999999999956        1.3891411488085609E-003
  0.89453125000000000        1.4281424969107570        3.7646021721477198E-003  0.16005999999999965        1.5529587271014727E-003
  0.89257812500000000        1.4186947948462765        3.5581274935724849E-003  0.16041999999999967        1.3961838320683225E-003
  0.89062500000000000        1.4184341911787510        3.9536352309998777E-003  0.15963999999999962        1.3743332635106648E-003
  0.88867187500000000        1.4106256177971330        3.9253965015224697E-003  0.15873999999999966        1.3143051319224974E-003
  0.88671875000000000        1.4092831039588662        3.5025321295040607E-003  0.15667999999999963        1.2617832498875937E-003
  0.88476562500000000        1.4103147581342368        3.7738741542364292E-003  0.15849999999999964        1.5327732837552171E-003
  0.88281250000000000        1.4077926180386959        3.5427353198953246E-003  0.15781999999999971        1.4964186201956754E-003
  0.88085937500000000        1.4066725267897011        4.0964736772331088E-003  0.15663999999999967        1.3411528283871249E-003
  0.87890625000000000        1.3978131724169762        3.8413363940841541E-003  0.15381999999999960        1.4102353124085091E-003
  0.87695312500000000        1.3969204847092669        3.9223323846045207E-003  0.15179999999999963        1.5214294182601812E-003
  0.87500000000000000        1.3935141467565355        3.7863949184774926E-003  0.15249999999999972        1.3863330018141396E-003
  0.87304687500000000        1.3916087339724350        3.6337542933091173E-003  0.15057999999999971        1.2342895556029711E-003
  0.87109375000000000        1.3847707100789004        3.6130194712822050E-003  0.15257999999999966        1.3898026892877652E-003
  0.86914062500000000        1.3825532937205125        3.9432513341971526E-003  0.15051999999999968        1.4112448835025247E-003
  0.86718750000000000        1.3792383800839747        3.7108177924735030E-003  0.14839999999999975        1.4153558998471079E-003
  0.86523437500000000        1.3719775456563972        3.5913247387800475E-003  0.14881999999999967        1.3523178754876739E-003
  0.86328125000000000        1.3707092263990766        3.7455956890058498E-003  0.14819999999999969        1.3761313068662026E-003
  0.86132812500000000        1.3720382135432656        3.5485617829224226E-003  0.14817999999999965        1.1936177077788647E-003
  0.85937500000000000        1.3660462113361251        3.8730062898103025E-003  0.14711999999999972        1.3307004307369142E-003
  0.85742187500000000        1.3586956122165363        3.6145395618083069E-003  0.14627999999999963        1.2057170212589736E-003
  0.85546875000000000        1.3533478433334794        3.6552769378077497E-003  0.14237999999999973        1.2192711848567476E-003
  0.85351562500000000        1.3504173606811543        3.6029605251456783E-003  0.14193999999999973        1.2909803650830824E-003
  0.85156250000000000        1.3458113172014063        3.5662637138665506E-003  0.14191999999999971        1.2901867377173265E-003
  0.84960937500000000        1.3390474154912022        3.7882578930392144E-003  0.14123999999999973        1.3504297856831988E-003
  0.84765625000000000        1.3423423809470569        3.4017511733542118E-003  0.14167999999999970        1.2009154757092022E-003
  0.84570312500000000        1.3391213304770277        3.5493852130366681E-003  0.14131999999999967        1.2322993208476517E-003
  0.84375000000000000        1.3347778078455819        3.7305977850006951E-003  0.14023999999999975        1.1742283088104146E-003
  0.84179687500000000        1.3313290574160022        3.2680603076547486E-003  0.13989999999999969        1.1656272425980836E-003
  0.83984375000000000        1.3237270951746971        3.2822822604190714E-003  0.13853999999999969        1.3100559013440453E-003
  0.83789062500000000        1.3270177671173327        3.4356424997967839E-003  0.13795999999999975        1.3205386106517128E-003
  0.83593750000000000        1.3218297811405066        3.2897477521563476E-003  0.13623999999999975        1.1109300862634892E-003
  0.83398437500000000        1.3146659197170869        3.0540521386240665E-003  0.13445999999999975        1.1387943296541025E-003
  0.83203125000000000        1.3120972586988273        3.3563043447310146E-003  0.13517999999999974        1.1564819518912659E-003
  0.83007812500000000        1.3082159601789536        3.5323485310164472E-003  0.13309999999999975        1.2698126800532747E-003
  0.82812500000000000        1.3013242343274467        3.6013333305146265E-003  0.13187999999999975        1.0983256310944684E-003
  0.82617187500000000        1.2974754064558267        3.4179993604259878E-003  0.13049999999999976        1.1780398031381030E-003
  0.82421875000000000        1.2960376555048827        3.4238772944982488E-003  0.13149999999999978        1.1865832452801284E-003
  0.82226562500000000        1.2928980193281994        3.4058011694111851E-003  0.13079999999999972        1.3101006207019295E-003
  0.82031250000000000        1.2875368619244745        3.7837681967969631E-003  0.12911999999999971        1.2427795500816105E-003
  0.81835937500000000        1.2851037532497285        3.7130356619396363E-003  0.12695999999999977        1.2343501132256137E-003
  0.81640625000000000        1.2812950187454084        3.7059787394229425E-003  0.12651999999999977        1.1883678646858499E-003
  0.81445312500000000        1.2773760944617323        3.9524903252258102E-003  0.12635999999999969        1.3648931582118222E-003
  0.81250000000000000        1.2737729176423951        3.7452796032603291E-003  0.12605999999999973        1.2881605395902781E-003
  0.81054687500000000        1.2697538019604715        3.4893589940291118E-003  0.12469999999999980        1.2893894882947620E-003
  0.80859375000000000        1.2673730634372018        4.0135851785914724E-003  0.12479999999999984        1.3902982748061512E-003
  0.80664062500000000        1.2647230476099731        3.8975708775049619E-003  0.12321999999999975        1.3706578822970550E-003
  0.80468750000000000        1.2623514460090004        3.8893748107954929E-003  0.12225999999999976        1.3548729859587474E-003
  0.80273437500000000        1.2565046935568913        3.4643995197583565E-003  0.12183999999999981        1.3247237180985163E-003
  0.80078125000000000        1.2510499748091299        3.5438316093963688E-003  0.12151999999999971        1.1463142516938726E-003
  0.79882812500000000        1.2453793295593956        3.4055836037355674E-003  0.12027999999999980        1.0517978835682617E-003
  0.79687500000000000        1.2428516943784078        3.4495753441433760E-003  0.11963999999999973        1.2101857274607105E-003
  0.79492187500000000        1.2401315772126935        3.3127928814087665E-003  0.11933999999999977        1.2836359344148857E-003
  0.79296875000000000        1.2394395896697932        3.6486090950567582E-003  0.11845999999999977        1.2970378061980385E-003
  0.79101562500000000        1.2364260713245681        3.4363461822955856E-003  0.11783999999999979        1.2869759402207184E-003
  0.78906250000000000        1.2299796755760188        3.2340839335612227E-003  0.11543999999999982        1.2114204034682924E-003
  0.78710937500000000        1.2265686234580031        3.3985996390129059E-003  0.11705999999999980        1.1663480084295734E-003
  0.78515625000000000        1.2228858471461397        3.7223284141726992E-003  0.11461999999999983        1.2069478995893194E-003
  0.78320312500000000        1.2195219877316059        3.8956952606640943E-003  0.11373999999999979        1.1798493312472256E-003
  0.78125000000000000        1.2158313577834936        3.6855227986111751E-003  0.11409999999999973        1.2771100582997033E-003
  0.77929687500000000        1.2165216795769673        3.6545735019517058E-003  0.11373999999999981        1.1337450232648321E-003
  0.77734375000000000        1.2106585743746698        3.9796350784564415E-003  0.11181999999999973        1.2845924559088582E-003
  0.77539062500000000        1.2056845368591458        3.9099357943772600E-003  0.11209999999999978        1.3099078539571636E-003
  0.77343750000000000        1.2024194995491166        3.6467812330768777E-003  0.10983999999999979        1.1678106944971167E-003
  0.77148437500000000        1.1991048944556781        3.7237686062870251E-003  0.10879999999999983        1.2263108838456575E-003
  0.76953125000000000        1.1957178370354533        3.4833031872234083E-003  0.10837999999999975        1.1733384986112698E-003
  0.76757812500000000        1.1921851821223619        3.9049813584317158E-003  0.10679999999999980        1.2315712227750832E-003
  0.76562500000000000        1.1862175695281101        3.7410244461020203E-003  0.10645999999999982        1.2967262586602401E-003
  0.76367187500000000        1.1816107079001887        3.2643640233410336E-003  0.10577999999999980        1.2325206167472949E-003
  0.76171875000000000        1.1769778416162271        3.4113668253913940E-003  0.10495999999999980        1.2583394541292167E-003
  0.75976562500000000        1.1763021000534946        3.5990375840394321E-003  0.10391999999999982        1.3444746636557061E-003
  0.75781250000000000        1.1719314086174675        3.5484815884718316E-003  0.10259999999999984        1.1400868299379417E-003
  0.75585937500000000        1.1667917308741638        3.3453245333817821E-003  0.10209999999999980        1.0488570017410108E-003
  0.75390625000000000        1.1602544072277723        3.2790943317645448E-003  0.10131999999999981        9.9461987053785033E-004
  0.75195312500000000        1.1576754995512801        3.4326536358305361E-003  0.10089999999999977        1.1523800579583019E-003
  0.75000000000000000        1.1525896040659602        3.2746033131803428E-003   9.8779999999999785E-002   1.0902302601754003E-003
  0.74804687500000000        1.1473765197009695        3.7314946945685768E-003   9.8979999999999832E-002   1.1763648853286813E-003
  0.74609375000000000        1.1446526313666350        3.4820968033409247E-003   9.7399999999999820E-002   1.0542841891611780E-003
  0.74414062500000000        1.1403966789350277        3.4031644702334400E-003   9.6559999999999840E-002   1.0738696194585117E-003
  0.74218750000000000        1.1348194002205978        3.5302076180829941E-003   9.6599999999999811E-002   1.0900838629586541E-003
  0.74023437500000000        1.1297609369769530        3.3006367681612581E-003   9.4319999999999876E-002   1.1863601919528748E-003
  0.73828125000000000        1.1244143335213597        3.1664233097834053E-003   9.2259999999999884E-002   1.0381237932447925E-003
  0.73632812500000000        1.1193412460388692        3.1942623024445683E-003   9.0919999999999904E-002   1.1329482411706390E-003
  0.73437500000000000        1.1183330177277626        3.2803296402107531E-003   9.0499999999999942E-002   1.0664298979645044E-003
  0.73242187500000000        1.1118448300882819        3.5406413046954353E-003   9.0199999999999877E-002   1.0934146311237644E-003
  0.73046875000000000        1.1090534016426650        3.4128534466981294E-003   8.9199999999999863E-002   1.0166294081598104E-003
  0.72851562500000000        1.1031721292312227        3.2986138648415627E-003   8.9079999999999881E-002   1.0160012725673887E-003
  0.72656250000000000        1.1019656603946775        3.7553838456112370E-003   8.8419999999999901E-002   1.1036376949053923E-003
  0.72460937500000000        1.0970575299723289        3.8633160414681656E-003   8.7859999999999910E-002   1.2098100694077293E-003
  0.72265625000000000        1.0945422613178275        3.8204955375865041E-003   8.8299999999999948E-002   1.1379140937910850E-003
  0.72070312500000000        1.0920825256984541        3.5278755975078901E-003   8.6139999999999897E-002   1.1673175673441514E-003
  0.71875000000000000        1.0860680029409089        3.4618507727458966E-003   8.4379999999999913E-002   9.9684147651110037E-004
  0.71679687500000000        1.0836993667360886        3.7182969121859950E-003   8.4939999999999904E-002   1.0885835482011071E-003
  0.71484375000000000        1.0797339539489064        3.7695298271748232E-003   8.3799999999999930E-002   1.0811516493484271E-003
  0.71289062500000000        1.0772206233263362        3.7242319609404688E-003   8.3859999999999921E-002   1.1300326266854791E-003
  0.71093750000000000        1.0754727018068171        3.6690500305661825E-003   8.2799999999999901E-002   1.0961825402806510E-003
  0.70898437500000000        1.0692747177935278        3.4948587248187094E-003   8.1179999999999947E-002   1.0998971485432960E-003
  0.70703125000000000        1.0630855898369043        3.2951468041227021E-003   8.0559999999999951E-002   1.0564204856136289E-003
  0.70507812500000000        1.0544636252160133        3.7332261754512855E-003   8.0539999999999931E-002   1.1444569970871627E-003
  0.70312500000000000        1.0501788218392409        3.8198424907603446E-003   7.9179999999999917E-002   1.0806264550498048E-003
  0.70117187500000000        1.0477976812183696        3.6684889507597762E-003   7.8259999999999941E-002   1.1716016836154017E-003
  0.69921875000000000        1.0428700521727918        3.2164851137492256E-003   7.6039999999999899E-002   9.4835530144445914E-004
  0.69726562500000000        1.0341477332331459        3.3324392404629260E-003   7.5259999999999924E-002   9.5204405296597989E-004
  0.69531250000000000        1.0297858144274441        3.2585771057162768E-003   7.3559999999999973E-002   1.0435293648735802E-003
  0.69335937500000000        1.0274527392305048        3.4780714103555127E-003   7.3519999999999933E-002   9.9091631912848243E-004
  0.69140625000000000        1.0232619824935576        3.5192681842295625E-003   7.1819999999999981E-002   1.0587184935027748E-003
  0.68945312500000000        1.0177730342602489        3.4831871313917399E-003   7.1159999999999932E-002   1.0051101753770417E-003
  0.68750000000000000        1.0156226702225359        3.3514386581093743E-003   7.0579999999999948E-002   9.8032977341628831E-004
  0.68554687500000000        1.0089101451300879        3.5752897595982243E-003   7.0079999999999948E-002   1.0217513188519711E-003
  0.68359375000000000        1.0033585390252717        3.3730128653706227E-003   6.8439999999999945E-002   1.0581401637120901E-003
  0.68164062500000000       0.99759333442861420        3.5320883650175328E-003   6.6619999999999943E-002   9.2581168318793571E-004
  0.67968750000000000       0.99422758892203700        3.5216941086977293E-003   6.6359999999999947E-002   9.1513867139291546E-004
  0.67773437500000000       0.98958940771858439        3.1735409010787328E-003   6.5599999999999992E-002   9.5006645168967346E-004
  0.67578125000000000       0.98964950908068516        3.2020048004712692E-003   6.6099999999999923E-002   9.7374628018895813E-004
  0.67382812500000000       0.98474056085436035        3.0871414171659995E-003   6.5279999999999991E-002   8.8558375428783240E-004
  0.67187500000000000       0.97827609458334253        3.1417091519576152E-003   6.4939999999999956E-002   9.6795316691115614E-004
  0.66992187500000000       0.97494767117216274        3.1017111028472325E-003   6.3479999999999967E-002   8.6017146517129478E-004
  0.66796875000000000       0.97166509093599718        3.3555804105548730E-003   6.2959999999999960E-002   8.4110557355102295E-004
  0.66601562500000000       0.96741491346083319        2.9823813394330339E-003   6.1699999999999963E-002   7.7921224141547425E-004
  0.66406250000000000       0.96520214918528369        3.1875550108002087E-003   6.1159999999999937E-002   8.1509991951166842E-004
  0.66210937500000000       0.96186389377467618        3.2762517236099610E-003   6.0979999999999944E-002   8.4828763941951243E-004
  0.66015625000000000       0.95564102506962656        3.2906806651960248E-003   5.8599999999999965E-002   9.0587309299155745E-004
  0.65820312500000000       0.94796948331456354        3.3613441669402529E-003   5.9039999999999974E-002   9.1518282105796029E-004
  0.65625000000000000       0.94448594631336991        3.3717425635719630E-003   5.9079999999999980E-002   1.0519515293976401E-003
  0.65429687500000000       0.94441193213106078        3.2423803149329764E-003   5.8059999999999973E-002   9.7294928081082931E-004
  0.65234375000000000       0.93886746641980967        3.2270510464477960E-003   5.7039999999999987E-002   9.4686297580457313E-004
  0.65039062500000000       0.93603347158598060        3.2160777904730064E-003   5.6659999999999974E-002   9.5390955249616857E-004
  0.64843750000000000       0.93246511210056771        3.7276127610146224E-003   5.6819999999999996E-002   1.0098884826923856E-003
  0.64648437500000000       0.92783633017029443        3.8061136589162851E-003   5.6379999999999972E-002   9.8090661012034848E-004
  0.64453125000000000       0.92235714427638571        3.6840158344033300E-003   5.4339999999999992E-002   9.4582762646789676E-004
  0.64257812500000000       0.91964428119722530        3.5575473838094672E-003   5.2880000000000031E-002   9.5486843982493775E-004
  0.64062500000000000       0.91971315465312353        3.3770169148752810E-003   5.2880000000000017E-002   9.3303891460195761E-004
  0.63867187500000000       0.91458783017948464        3.0866527361492380E-003   5.1660000000000005E-002   8.6692536931364558E-004
  0.63671875000000000       0.90967053444994805        3.2281290405510102E-003   5.1860000000000017E-002   8.5292367060528008E-004
  0.63476562500000000       0.90504719486796137        2.9771835928244948E-003   5.0860000000000030E-002   8.7073868559162429E-004
  0.63281250000000000       0.90065446440594343        3.0382495267833026E-003   4.9800000000000025E-002   8.8008264074770589E-004
  0.63085937500000000       0.89186330307195905        3.0217548605552895E-003   4.8660000000000023E-002   8.5472188163723177E-004
  0.62890625000000000       0.88757791812814502        2.8450171740233040E-003   4.9380000000000021E-002   8.5973686366670244E-004
  0.62695312500000000       0.88469896424061245        3.2568941234489917E-003   4.7120000000000030E-002   8.7816153227505500E-004
  0.62500000000000000       0.87723194359373990        2.8029703550029920E-003   4.6860000000000034E-002   7.6870874283641564E-004
  0.62304687500000000       0.87155549158089285        3.0147578961013917E-003   4.5540000000000053E-002   8.5368127376187505E-004
  0.62109375000000000       0.86717098777054469        3.0069260856870079E-003   4.4860000000000039E-002   8.5999999999999683E-004
  0.61914062500000000       0.86356126180956494        2.9419068796447487E-003   4.4420000000000064E-002   7.8742387799478255E-004
  0.61718750000000000       0.85974693430930982        3.2158383258034939E-003   4.4400000000000037E-002   8.0854027341708320E-004
  0.61523437500000000       0.85760293633032458        3.1024040225179593E-003   4.4300000000000075E-002   8.9369282680730835E-004
  0.61328125000000000       0.85328070889295948        3.1733597779176879E-003   4.3240000000000049E-002   8.3110246849067812E-004
  0.61132812500000000       0.85060446464744222        3.0632264109824356E-003   4.1840000000000065E-002   7.2512207262088416E-004
  0.60937500000000000       0.84488977337330706        2.8622374731725559E-003   4.1160000000000058E-002   7.9247980568858953E-004
  0.60742187500000000       0.84184846348000475        2.7067462376621824E-003   4.1160000000000078E-002   7.2762516712820730E-004
  0.60546875000000000       0.83770216248773754        2.9265377883833017E-003   4.0140000000000071E-002   7.3429963883685711E-004
  0.60351562500000000       0.83474861158793667        3.0379167452936800E-003   4.0020000000000076E-002   7.7459406116748804E-004
  0.60156250000000000       0.82956893692404610        2.8772837384651172E-003   3.9140000000000078E-002   7.5116340741974443E-004
  0.59960937500000000       0.82629493674992316        2.8854409946633070E-003   3.7740000000000065E-002   7.1387688155605256E-004
  0.59765625000000000       0.82150616712595281        2.8421918586854127E-003   3.6940000000000077E-002   7.3054843104409465E-004
  0.59570312500000000       0.81792979389206777        3.0424363276098263E-003   3.6500000000000067E-002   7.2104021378767771E-004
  0.59375000000000000       0.81356710550873346        2.9891499699234931E-003   3.5820000000000081E-002   6.5879902976259566E-004
  0.59179687500000000       0.81019272377865681        2.9175370487964001E-003   3.4980000000000080E-002   7.5984846974227376E-004
  0.58984375000000000       0.80229254485413737        2.9530231135589703E-003   3.4980000000000080E-002   7.2946361918683057E-004
  0.58789062500000000       0.79555371598763502        3.1957912113362305E-003   3.4440000000000075E-002   7.3061756083604159E-004
  0.58593750000000000       0.79123391996264791        3.1184711215055017E-003   3.2880000000000076E-002   6.7648527199955634E-004
  0.58398437500000000       0.78826793758393332        2.9755810509869930E-003   3.2920000000000081E-002   7.1938245121151907E-004
  0.58203125000000000       0.78222454063530511        2.8956580417392390E-003   3.2060000000000081E-002   6.9831254037170678E-004
  0.58007812500000000       0.78154494794635321        2.9889701396657452E-003   3.1880000000000075E-002   7.9331550782112212E-004
  0.57812500000000000       0.77702296673785876        3.0127271412934914E-003   3.1100000000000076E-002   7.0288007799367512E-004
  0.57617187500000000       0.77210774590474618        2.9199387634459089E-003   2.9700000000000070E-002   6.5033014148914371E-004
  0.57421875000000000       0.76708709363387839        2.9452847309838822E-003   2.9420000000000078E-002   6.6320007798124827E-004
  0.57226562500000000       0.76343335967331838        2.9039936461727014E-003   2.8760000000000067E-002   6.3677216324112761E-004
  0.57031250000000000       0.76057926455616010        2.8751439298892109E-003   2.8560000000000082E-002   6.8228966862996193E-004
  0.56835937500000000       0.75663571793831796        3.0010363586236988E-003   2.7620000000000068E-002   6.2130198906502822E-004
  0.56640625000000000       0.75124700461339278        2.9243711545999082E-003   2.7400000000000063E-002   6.0935468432853838E-004
  0.56445312500000000       0.74754889770529820        2.8653982036150531E-003   2.6840000000000065E-002   6.2550504846608710E-004
  0.56250000000000000       0.74378329415401967        3.0335193914607953E-003   2.6580000000000062E-002   6.4026194134538536E-004
  0.56054687500000000       0.73902422039852578        3.0129154416478157E-003   2.5960000000000077E-002   6.3943156574626612E-004
  0.55859375000000000       0.73680662194318414        2.7931273014702839E-003   2.5820000000000076E-002   6.0375592098232012E-004
  0.55664062500000000       0.73463547804921925        2.6653792168269369E-003   2.5400000000000068E-002   6.0736223860962247E-004
  0.55468750000000000       0.73136885995112577        2.7144948566983499E-003   2.4920000000000064E-002   5.8355926360689086E-004
  0.55273437500000000       0.72462369292261852        2.6739223186037341E-003   2.4200000000000062E-002   6.0335760875322340E-004
  0.55078125000000000       0.72220702669440806        2.5888774243812873E-003   2.3660000000000066E-002   5.6214236666884097E-004
  0.54882812500000000       0.71720173565445156        2.6867170936967950E-003   2.3140000000000060E-002   5.1345925256091410E-004
  0.54687500000000000       0.71365824157637281        2.6316700453563003E-003   2.2720000000000060E-002   5.6605671272427142E-004
  0.54492187500000000       0.71041107151232918        2.4846777783060609E-003   2.2320000000000065E-002   5.2085399958999318E-004
  0.54296875000000000       0.70686733898909215        2.5032962672067206E-003   2.2260000000000047E-002   5.2002719431612021E-004
  0.54101562500000000       0.70241836948534242        2.5578465674346942E-003   2.1680000000000053E-002   5.8514955353311938E-004
  0.53906250000000000       0.69865533919546363        2.4198212194919111E-003   2.0620000000000055E-002   5.0827098475065679E-004
  0.53710937500000000       0.69524854435452266        2.4152918362034185E-003   2.0700000000000052E-002   5.4781475892953216E-004
  0.53515625000000000       0.69128328533498051        2.5586267395797690E-003   2.0040000000000061E-002   5.2722256814711739E-004
  0.53320312500000000       0.68884663556102821        2.6082421336322418E-003   2.0400000000000064E-002   5.6353860344768151E-004
  0.53125000000000000       0.68816052812030659        2.4708965838076908E-003   1.9880000000000064E-002   5.1781982748575655E-004
  0.52929687500000000       0.68166845050858160        2.4480458734882325E-003   1.9080000000000066E-002   5.4637094736197274E-004
  0.52734375000000000       0.67598487849159894        2.7259104390306879E-003   1.8640000000000070E-002   5.3626467157533479E-004
  0.52539062500000000       0.67212311981791828        2.8304217088707725E-003   1.8240000000000076E-002   5.5142057131072741E-004
  0.52343750000000000       0.66937595401570449        3.0683603402041244E-003   1.8580000000000069E-002   5.7720678856686960E-004
  0.52148437500000000       0.66428463113821801        2.7521425844169002E-003   1.8260000000000075E-002   5.3835139288593457E-004
  0.51953125000000000       0.66190455592471853        2.7592790603840969E-003   1.8120000000000077E-002   5.6053365625801787E-004
  0.51757812500000000       0.65793291657597308        2.6004107067992286E-003   1.7440000000000080E-002   5.3415088852979808E-004
  0.51562500000000000       0.65700715948098709        2.4918701753808676E-003   1.7100000000000077E-002   5.5295350234678593E-004
  0.51367187500000000       0.65250264208626574        2.4952290493776047E-003   1.6940000000000087E-002   5.1675365836570647E-004
  0.51171875000000000       0.64882394636335494        2.4411459597968362E-003   1.7340000000000081E-002   5.1878256865025142E-004
  0.50976562500000000       0.64500390189014700        2.4107646226930336E-003   1.6660000000000084E-002   4.5398794092470272E-004
  0.50781250000000000       0.64237658836763656        2.4935891209942490E-003   1.6020000000000086E-002   4.4266867469423924E-004
  0.50585937500000000       0.64130891538872892        2.3655542434782972E-003   1.6000000000000087E-002   4.8492423650660507E-004
  0.50390625000000000       0.63614476862014313        2.3312024067588684E-003   1.5780000000000093E-002   4.7045647293802989E-004
  0.50195312500000000       0.63208655433854732        2.2701868105731390E-003   1.5460000000000083E-002   4.4208413660567472E-004
  0.50000000000000000       0.62923002682068085        2.2010031672850682E-003   1.5040000000000088E-002   3.9846168846166080E-004
  0.49804687500000000       0.62656741171109442        2.3833655052725830E-003   1.4780000000000095E-002   4.5206149577197368E-004
  0.49609375000000000       0.62453325293054041        2.3516724392511649E-003   1.4680000000000092E-002   4.4332991568516355E-004
  0.49414062500000000       0.62228196339051844        2.3339361840527184E-003   1.4800000000000089E-002   4.4585634321817031E-004
  0.49218750000000000       0.61890847615876854        2.4429525679495610E-003   1.4440000000000097E-002   4.1543940471493364E-004
  0.49023437500000000       0.61578994683916921        2.2771690807538579E-003   1.3600000000000103E-002   3.5731885995111858E-004
  0.48828125000000000       0.61251485787759963        2.2406857997994954E-003   1.3500000000000107E-002   3.9936818788550017E-004
  0.48632812500000000       0.61036691961367184        2.2345775447070015E-003   1.3200000000000106E-002   3.8976812583790257E-004
  0.48437500000000000       0.60688614704966826        2.1481179712595855E-003   1.3720000000000098E-002   4.0900964400474537E-004
  0.48242187500000000       0.60367432346544447        2.3058821965825332E-003   1.3100000000000106E-002   4.0738138882329437E-004
  0.48046875000000000       0.60051244638131029        2.3637915061862449E-003   1.2900000000000108E-002   3.7213552435214759E-004
  0.47851562500000000       0.59868901001034791        2.2648224424530227E-003   1.2700000000000109E-002   3.5205027189223157E-004
  0.47656250000000000       0.59632935223238814        2.2036324485267722E-003   1.2740000000000107E-002   3.6476642588723204E-004
  0.47460937500000000       0.59203278215383537        2.2168361560125109E-003   1.2260000000000118E-002   3.6697507690673566E-004
  0.47265625000000000       0.58752585326492457        2.3106984105494390E-003   1.1620000000000123E-002   3.5584016386886456E-004
  0.47070312500000000       0.58544530912252513        2.2768461850335912E-003   1.1720000000000119E-002   3.5278974766935064E-004
  0.46875000000000000       0.57960779408668062        2.1973011511659461E-003   1.1700000000000122E-002   3.6886393976723092E-004
  0.46679687500000000       0.57567805343407896        2.2510235518689021E-003   1.1320000000000123E-002   3.5869572936212231E-004
  0.46484375000000000       0.57134805187236015        2.1314672511711149E-003   1.1120000000000123E-002   3.2699426986608135E-004
  0.46289062500000000       0.56830611903404926        2.1142223733745186E-003   1.1080000000000128E-002   3.4161825229783732E-004
  0.46093750000000000       0.56615759044702962        2.2005654745507414E-003   1.0920000000000129E-002   3.4161825229783553E-004
  0.45898437500000000       0.56303843784003860        2.0638256154272708E-003   1.0780000000000125E-002   3.2273452830085367E-004
  0.45703125000000000       0.56039769728468047        1.9018208622744691E-003   1.0460000000000134E-002   3.2765465929477321E-004
  0.45507812500000000       0.55748343185897631        1.9410413349985850E-003   1.0460000000000134E-002   3.2765465929477186E-004
  0.45312500000000000       0.55433505095044122        1.8630522540967367E-003   1.0160000000000138E-002   3.2620251502414556E-004
  0.45117187500000000       0.55183774053086121        1.9447320240698865E-003   1.0160000000000138E-002   3.1741379168447102E-004
  0.44921875000000000       0.54919831961942989        1.8954379701161602E-003   1.0060000000000135E-002   3.1585062317749887E-004
  0.44726562500000000       0.54664436583326037        1.6861159087640343E-003   1.0000000000000141E-002   2.9814239699996734E-004
  0.44531250000000000       0.54356494927221977        1.7994792878136608E-003   9.8600000000001395E-003   3.0252139084565520E-004
  0.44335937500000000       0.53975586838967615        1.8649692922977433E-003   9.5200000000001412E-003   2.6985967172632669E-004
  0.44140625000000000       0.53552611492246494        1.9271202911473352E-003   9.6000000000001414E-003   2.7997113848365993E-004
  0.43945312500000000       0.53411952908137050        1.8844047927606099E-003   9.4200000000001435E-003   2.8039654459750482E-004
  0.43750000000000000       0.53040582022571492        2.0146662295896130E-003   9.4200000000001435E-003   2.8610233388517411E-004
  0.43554687500000000       0.52845110671210382        1.8488274392769849E-003   9.4800000000001428E-003   2.8936712552280733E-004
  0.43359375000000000       0.52536140433839340        1.6769104259334480E-003   9.2800000000001475E-003   2.7636895263360463E-004
  0.43164062500000000       0.52388676654060273        1.6950673446126513E-003   9.0200000000001494E-003   2.7042054790135911E-004
  0.42968750000000000       0.52216307328361400        1.7402055282045290E-003   8.9600000000001484E-003   2.7921969193385107E-004
  0.42773437500000000       0.51896874044558894        1.7076782509754993E-003   8.8200000000001454E-003   2.6222821427839346E-004
  0.42578125000000000       0.51749957696036608        1.7862116545326388E-003   8.7200000000001512E-003   2.7490310506015682E-004
  0.42382812500000000       0.51360946295730847        1.8153665145717081E-003   8.6200000000001536E-003   2.7808145017115210E-004
  0.42187500000000000       0.50989203061371169        1.8154746983942941E-003   8.6000000000001509E-003   2.6285149626910500E-004
  0.41992187500000000       0.50608161288788034        1.8023311600936635E-003   8.5800000000001517E-003   2.8610233388517428E-004
  0.41796875000000000       0.50246502098553403        1.8056170591049790E-003   8.5200000000001525E-003   2.6303588878302732E-004
  0.41601562500000000       0.50211416603837122        1.6419336594355499E-003   8.4200000000001531E-003   2.7012155886869726E-004
  0.41406250000000000       0.49987489434766957        1.7480595093344788E-003   8.1800000000001542E-003   2.6068286394689296E-004
  0.41210937500000000       0.49641433260380596        1.8760132031979643E-003   8.2400000000001569E-003   2.5941659487582460E-004
  0.41015625000000000       0.49500827369263267        1.9630542447607357E-003   8.0200000000001555E-003   2.5504208406940067E-004
  0.40820312500000000       0.49232554534581213        1.8941890903352225E-003   7.9400000000001553E-003   2.6124024316032091E-004
  0.40625000000000000       0.48912055885621980        1.8729366887982215E-003   7.8200000000001550E-003   2.5281446065276888E-004
  0.40429687500000000       0.48711856439221962        1.7230422966630706E-003   7.8800000000001560E-003   2.4257873864880122E-004
  0.40234375000000000       0.48381628775942337        1.8277402808589010E-003   7.7400000000001556E-003   2.4561610844419773E-004
  0.40039062500000000       0.48020702292212386        1.8460909838157306E-003   7.6400000000001553E-003   2.6572561225839662E-004
  0.39843750000000000       0.47863856927705756        1.8435701104135213E-003   7.4800000000001584E-003   2.4390758309431087E-004
  0.39648437500000000       0.47597070341438102        1.7143487274286033E-003   7.4200000000001634E-003   2.4502318999711540E-004
  0.39453125000000000       0.47396947616165841        1.6509020168053502E-003   7.4200000000001574E-003   2.3492100542071197E-004
  0.39257812500000000       0.47043010894042275        1.6469238958504088E-003   7.2400000000001578E-003   2.3403358129062772E-004
  0.39062500000000000       0.46782275178274041        1.5783635672057036E-003   7.2600000000001604E-003   2.4396555478015911E-004
  0.38867187500000000       0.46594394969462366        1.6844128529919637E-003   7.1400000000001618E-003   2.3485219938411162E-004
  0.38671875000000000       0.46321727153624742        1.5951400405120077E-003   7.1400000000001618E-003   2.3312544851961898E-004
  0.38476562500000000       0.46089606167974245        1.5594148491334357E-003   7.0600000000001616E-003   2.2284659759710303E-004
  0.38281250000000000       0.45722065758211899        1.6149025715572376E-003   6.9600000000001631E-003   2.3002854456160513E-004
  0.38085937500000000       0.45422376606048226        1.7196010718204808E-003   6.9200000000001647E-003   2.2638128201881843E-004
  0.37890625000000000       0.45183134222384191        1.6207809692636321E-003   6.9000000000001638E-003   2.2807937657798243E-004
  0.37695312500000000       0.44890251239566725        1.5122067939122960E-003   6.7800000000001661E-003   2.3250067883033148E-004
  0.37500000000000000       0.44674466893334269        1.4404881225261461E-003   6.7600000000001669E-003   2.3055488621053898E-004
  0.37304687500000000       0.44429645109819865        1.4256001557685269E-003   6.7600000000001678E-003   2.3055488621053860E-004
  0.37109375000000000       0.44087898054955427        1.5759786604978700E-003   6.8000000000001696E-003   2.4781876727588651E-004
  0.36914062500000000       0.43862487753325796        1.5976306662275526E-003   6.8000000000001644E-003   2.2741409744598279E-004
  0.36718750000000000       0.43683023869428389        1.5693482139631932E-003   6.7000000000001728E-003   2.1719050893562482E-004
  0.36523437500000000       0.43521793961670879        1.5448202426408251E-003   6.6200000000001735E-003   2.1214631886049597E-004
  0.36328125000000000       0.43209897352003179        1.4742022389549968E-003   6.6200000000001735E-003   2.3215285803743205E-004
  0.36132812500000000       0.43014568059833841        1.5471925380362620E-003   6.5400000000001759E-003   2.2537062628461062E-004
  0.35937500000000000       0.42686238007678784        1.5543678250080617E-003   6.6000000000001760E-003   2.3354968324845325E-004
  0.35742187500000000       0.42474380163074765        1.4401860953302445E-003   6.4600000000001722E-003   2.2175607675046171E-004
  0.35546875000000000       0.42314164802558069        1.4685132985130739E-003   6.4200000000001730E-003   2.1889529806542340E-004
  0.35351562500000000       0.41931165563877981        1.5050385060411439E-003   6.4400000000001756E-003   2.2125445838114599E-004
  0.35156250000000000       0.41703196477779264        1.5004392764822086E-003   6.3600000000001719E-003   2.2088892953681149E-004
  0.34960937500000000       0.41453769163272591        1.5221642916135969E-003   6.4000000000001746E-003   2.2383254924386860E-004
  0.34765625000000000       0.41227849209830736        1.4587187045318900E-003   6.4000000000001712E-003   2.2563042992710457E-004
  0.34570312500000000       0.40895274443090324        1.5413506920156452E-003   6.3000000000001744E-003   2.1719050893562604E-004
  0.34375000000000000       0.40697155750706371        1.4329339792673833E-003   6.3200000000001753E-003   2.1408956871912815E-004
  0.34179687500000000       0.40470736322700851        1.3812071339240903E-003   6.2400000000001768E-003   2.1886760907687924E-004
  0.33984375000000000       0.40285491187770439        1.4032067606988671E-003   6.2200000000001742E-003   2.1061717869061682E-004
  0.33789062500000000       0.40083179413726155        1.3509789290757277E-003   6.2000000000001767E-003   2.1177460860189091E-004
  0.33593750000000000       0.39892216318577700        1.3741409447363541E-003   6.1400000000001774E-003   2.1321019173244283E-004
  0.33398437500000000       0.39683949309130695        1.3403501447367590E-003   6.2000000000001776E-003   2.1555659689428492E-004
  0.33203125000000000       0.39496349221525440        1.3168730942126102E-003   6.0800000000001773E-003   2.1634241471343412E-004
  0.33007812500000000       0.39137645695685658        1.4086984346656456E-003   6.0800000000001755E-003   2.2004590889221584E-004
  0.32812500000000000       0.38886576016551005        1.2779090312531475E-003   6.1200000000001765E-003   2.1801677259172494E-004
  0.32617187500000000       0.38712372863235806        1.4765650345863611E-003   6.0400000000001763E-003   2.1268841914021244E-004
  0.32421875000000000       0.38389596267744047        1.4752815805462766E-003   5.9600000000001796E-003   2.0494887265862078E-004
  0.32226562500000000       0.38179032361678006        1.3928834046545080E-003   5.9800000000001770E-003   2.0791412368639621E-004
  0.32031250000000000       0.37920204471067526        1.3556536730220399E-003   5.9800000000001822E-003   2.0984843014986457E-004
  0.31835937500000000       0.37723278014070571        1.3685752079763626E-003   5.9600000000001796E-003   2.0691090162705349E-004
  0.31640625000000000       0.37462403358971735        1.4173045910161161E-003   5.9600000000001796E-003   2.0691090162705371E-004
  0.31445312500000000       0.37260064931318637        1.4205419635651114E-003   5.9000000000001829E-003   2.0572610996961793E-004
  0.31250000000000000       0.37115938706236379        1.6292323084244268E-003   5.8800000000001837E-003   2.0659822913768469E-004
  0.31054687500000000       0.36829731588481129        1.5316827195115672E-003   5.8600000000001836E-003   2.0351457396997627E-004
  0.30859375000000000       0.36737952059708084        1.5789764865276872E-003   5.8000000000001835E-003   1.9591793788175182E-004
  0.30664062500000000       0.36505763672556735        1.4126623699536305E-003   5.8200000000001835E-003   1.9714118409060410E-004
  0.30468750000000000       0.36247531453797782        1.3554529498275318E-003   5.8200000000001827E-003   1.9508092079074436E-004
  0.30273437500000000       0.35891400432526493        1.3627210331662015E-003   5.8400000000001819E-003   1.9628879980603111E-004
  0.30078125000000000       0.35620107127925293        1.4020166892434426E-003   5.8000000000001826E-003   1.9174899417643854E-004
  0.29882812500000000       0.35426405465457589        1.4107452520094100E-003   5.7800000000001817E-003   1.9046991331647995E-004
  0.29687500000000000       0.35281779769423638        1.3802106968135641E-003   5.7800000000001817E-003   1.9046991331647924E-004
  0.29492187500000000       0.34985865073628752        1.3351523432331683E-003   5.7600000000001842E-003   1.8701266634572249E-004
  0.29296875000000000       0.34815063396979412        1.3397475098137961E-003   5.7200000000001850E-003   1.8645009081155056E-004
  0.29101562500000000       0.34635873315465832        1.3249147303521949E-003   5.6800000000001875E-003   1.8796088138038717E-004
  0.28906250000000000       0.34472036912301446        1.2808114739538599E-003   5.6600000000001848E-003   1.9080901657961584E-004
  0.28710937500000000       0.34285495774157737        1.3325024247857274E-003   5.7000000000001841E-003   1.9358395459011176E-004
  0.28515625000000000       0.34081200173978077        1.5103162011012789E-003   5.6600000000001848E-003   1.9080901657961597E-004
  0.28320312500000000       0.33816516352795678        1.3244494977148059E-003   5.6200000000001847E-003   1.8790713373656215E-004
  0.28125000000000000       0.33591965663788814        1.3256449268890344E-003   5.6400000000001848E-003   1.8937430201224642E-004
  0.27929687500000000       0.33395271303633195        1.3233153063856400E-003   5.6400000000001848E-003   1.8937430201224596E-004
  0.27734375000000000       0.33096069596771627        1.2724288704539343E-003   5.6400000000001839E-003   1.8937430201224618E-004
  0.27539062500000000       0.32980760885390387        1.2750056922519524E-003   5.6200000000001839E-003   1.8790713373656239E-004
  0.27343750000000000       0.32702955813576101        1.2191606960323218E-003   5.6000000000001856E-003   1.8640674544520580E-004
  0.27148437500000000       0.32469329999519608        1.2291397517693817E-003   5.6000000000001882E-003   1.8640674544520626E-004
  0.26953125000000000       0.32244518885079182        1.1375604727732371E-003   5.6200000000001856E-003   1.9004518335693487E-004
  0.26757812500000000       0.31940203192924627        1.1491227486023173E-003   5.6400000000001874E-003   1.9567030609386735E-004
  0.26562500000000000       0.31783473988536720        1.1535801161673223E-003   5.6000000000001873E-003   1.8640674544520626E-004
  0.26367187500000000       0.31579204142025952        1.1582980138481337E-003   5.6000000000001882E-003   1.8640674544520685E-004
  0.26171875000000000       0.31345839403093095        1.0988228053836120E-003   5.5800000000001838E-003   1.8487232831815997E-004
  0.25976562500000000       0.31045991286457197        1.1674939015216665E-003   5.5800000000001846E-003   1.8487232831815927E-004
  0.25781250000000000       0.30780595602749011        1.1729928736426429E-003   5.5800000000001855E-003   1.8487232831815881E-004
  0.25585937500000000       0.30573977201729574        1.1972318561087024E-003   5.5800000000001881E-003   1.8487232831815761E-004
  0.25390625000000000       0.30304813483797716        1.0972184002293827E-003   5.5800000000001855E-003   1.8487232831815870E-004
  0.25195312500000000       0.30149102638956277        1.1269659005896607E-003   5.5600000000001889E-003   1.8765969630200484E-004
  0.25000000000000000       0.29911055597442598        1.0482819084342847E-003   5.5200000000001862E-003   1.8881876297795324E-004
  0.24804687500000000       0.29674289143747684        1.0880377412526708E-003   5.5200000000001862E-003   1.8881876297795349E-004
  0.24609375000000000       0.29434592402512133        1.0781259551354498E-003   5.5200000000001862E-003   1.8881876297795289E-004
  0.24414062500000000       0.29311069714222865        1.1135324551128918E-003   5.5000000000001862E-003   1.8936363393900341E-004
  0.24218750000000000       0.29124857091987039        1.0122266508271849E-003   5.4800000000001870E-003   1.8988566469474395E-004
  0.24023437500000000       0.28911714042342052        1.1004235852384628E-003   5.4600000000001869E-003   1.9038504312698433E-004
  0.23828125000000000       0.28728750154938754        1.0361936958467712E-003   5.4600000000001843E-003   1.9038504312698503E-004
  0.23632812500000000       0.28499865596376894        1.0299298155634384E-003   5.4000000000001868E-003   1.9384467383902224E-004
  0.23437500000000000       0.28287486352589941        1.0967799748705528E-003   5.4200000000001868E-003   1.9549471046087459E-004
  0.23242187500000000       0.28058840859900480        1.0212298690455632E-003   5.3800000000001893E-003   1.9631967334277309E-004
  0.23046875000000000       0.27942538568157677        1.1207096455859965E-003   5.3600000000001893E-003   1.9463511574951536E-004
  0.22851562500000000       0.27599801967918902        1.1010051027445635E-003   5.3600000000001910E-003   1.9463511574951479E-004
  0.22656250000000000       0.27442220190584371        1.0150953003490518E-003   5.3400000000001866E-003   1.9499805748838034E-004
  0.22460937500000000       0.27186819878825969        9.5114142159724861E-004   5.3400000000001866E-003   1.9499805748838077E-004
  0.22265625000000000       0.26980776425876873        9.8056417872201848E-004   5.3400000000001892E-003   1.9499805748838045E-004
  0.22070312500000000       0.26834272958740052        9.8445896710864979E-004   5.3400000000001892E-003   1.9499805748838045E-004
  0.21875000000000000       0.26548784980267215        9.2407029604607961E-004   5.3400000000001892E-003   1.9499805748837942E-004
  0.21679687500000000       0.26308200196369674        9.8860607587791739E-004   5.3000000000001891E-003   1.9148542155126511E-004
  0.21484375000000000       0.26011406075335325        9.7707033303651397E-004   5.3000000000001865E-003   1.9148542155126593E-004
  0.21289062500000000       0.25869807014363760        8.8989604911121254E-004   5.2800000000001925E-003   1.8967276445435322E-004
  0.21093750000000000       0.25660469132337405        9.3662521724016700E-004   5.2800000000001908E-003   1.8967276445435368E-004
  0.20898437500000000       0.25504384727789237        9.4815995945784560E-004   5.2800000000001899E-003   1.8967276445435404E-004
  0.20703125000000000       0.25354533652786060        9.6560658428295788E-004   5.2800000000001908E-003   1.8967276445435333E-004
  0.20507812500000000       0.25142395050959265        9.3319047629817644E-004   5.2800000000001925E-003   1.8967276445435309E-004
  0.20312500000000000       0.24868481688382943        9.8048530012316342E-004   5.2800000000001891E-003   1.8967276445435357E-004
  0.20117187500000000       0.24696337924310652        1.0269616731188452E-003   5.2600000000001881E-003   1.8782110551470780E-004
  0.19921875000000000       0.24445012506709929        1.0139611622468141E-003   5.2400000000001898E-003   1.8808981306220966E-004
  0.19726562500000000       0.24169788355750987        1.0625238589915180E-003   5.2400000000001881E-003   1.8808981306220966E-004
  0.19531250000000000       0.24010450400520297        1.0447228763313834E-003   5.2400000000001890E-003   1.8808981306220966E-004
  0.19335937500000000       0.23856726681183749        1.0013458783077779E-003   5.2200000000001889E-003   1.8617901670871936E-004
  0.19140625000000000       0.23754388170569490        1.0416577252308503E-003   5.2200000000001915E-003   1.8617901670871852E-004
  0.18945312500000000       0.23497854361557857        1.0139346244285037E-003   5.2000000000001897E-003   1.8640674544520639E-004
  0.18750000000000000       0.23290645190914064        1.0192366533694516E-003   5.2000000000001914E-003   1.8640674544520604E-004
  0.18554687500000000       0.23149713953825912        9.8036070267948838E-004   5.2000000000001897E-003   1.8640674544520639E-004
  0.18359375000000000       0.22870786290397466        9.9254174039128821E-004   5.1800000000001914E-003   1.8661254626696906E-004
  0.18164062500000000       0.22646828079160308        9.7913170185310108E-004   5.1800000000001923E-003   1.8661254626696863E-004
  0.17968750000000000       0.22391599942612458        9.9422759758636221E-004   5.1800000000001931E-003   1.8661254626696863E-004
  0.17773437500000000       0.22141945363954002        9.5827235020774781E-004   5.1600000000001887E-003   1.8679649165048219E-004
  0.17578125000000000       0.21979147723141762        9.5577331484318368E-004   5.1400000000001922E-003   1.8258525060193916E-004
  0.17382812500000000       0.21730130873318246        9.7993738564938564E-004   5.1400000000001930E-003   1.8258525060193856E-004
  0.17187500000000000       0.21465480566362971        9.3612265130992142E-004   5.1400000000001896E-003   1.8258525060193929E-004
  0.16992187500000000       0.21278048234983044        9.4626445090138268E-004   5.1400000000001896E-003   1.8258525060193989E-004
  0.16796875000000000       0.21114874462192146        9.4190762556679007E-004   5.1400000000001913E-003   1.8258525060193891E-004
  0.16601562500000000       0.20912216027576450        9.5286482840241588E-004   5.1400000000001913E-003   1.8258525060193870E-004
  0.16406250000000000       0.20683811756970902        9.3312984418940392E-004   5.1400000000001913E-003   1.8258525060193905E-004
  0.16210937500000000       0.20495334069917423        9.2716180270367298E-004   5.1400000000001887E-003   1.8258525060193989E-004
  0.16015625000000000       0.20237677083506991        9.0761180576044557E-004   5.1400000000001913E-003   1.8258525060193929E-004
  0.15820312500000000       0.20037892443978250        9.0554115152809871E-004   5.1200000000001921E-003   1.8492695800769251E-004
  0.15625000000000000       0.19866433537736461        9.2770751593927237E-004   5.1200000000001904E-003   1.8492695800769251E-004
  0.15429687500000000       0.19684449214800431        9.0556719374056333E-004   5.1200000000001912E-003   1.8492695800769262E-004
  0.15234375000000000       0.19475173690234637        8.9035649164727164E-004   5.1200000000001904E-003   1.8492695800769273E-004
  0.15039062500000000       0.19257524568836643        8.8290490348132762E-004   5.1200000000001878E-003   1.8492695800769346E-004
  0.14843750000000000       0.19097463128901432        9.1838164163364781E-004   5.1200000000001904E-003   1.8492695800769335E-004
  0.14648437500000000       0.18877945603373017        9.4573582422781963E-004   5.1200000000001912E-003   1.8492695800769298E-004
  0.14453125000000000       0.18712449533492667        9.2551026646021353E-004   5.1200000000001904E-003   1.8492695800769298E-004
  0.14257812500000000       0.18512530430456539        9.3570533276515267E-004   5.1000000000001912E-003   1.8721780110476759E-004
  0.14062500000000000       0.18290603296798358        9.0376116330645202E-004   5.0800000000001885E-003   1.9158034946995445E-004
  0.13867187500000000       0.18090414267913768        8.4642663875483478E-004   5.0800000000001885E-003   1.9158034946995423E-004
  0.13671875000000000       0.17882627171330268        8.7541335089670884E-004   5.0800000000001903E-003   1.9158034946995363E-004
  0.13476562500000000       0.17651997178152892        8.5872871429868694E-004   5.0800000000001885E-003   1.9158034946995388E-004
  0.13281250000000000       0.17468033116702258        8.5071503944070368E-004   5.0800000000001885E-003   1.9158034946995423E-004
  0.13085937500000000       0.17283725969349903        8.5105142024580855E-004   5.0800000000001885E-003   1.9158034946995398E-004
  0.12890625000000000       0.17122655267858469        8.4864892539498072E-004   5.0600000000001902E-003   1.8953425105566437E-004
  0.12695312500000000       0.16933368112030359        8.8424811293468018E-004   5.0600000000001885E-003   1.8953425105566486E-004
  0.12500000000000000       0.16710114777339144        8.2132835417715827E-004   5.0400000000001902E-003   1.8958753741592208E-004
  0.12304687500000000       0.16502190621545546        8.3830248043191818E-004   5.0400000000001910E-003   1.8958753741592194E-004
  0.12109375000000000       0.16304607620484177        8.6565455854557252E-004   5.0400000000001910E-003   1.8958753741592219E-004
  0.11914062500000000       0.16079504401790828        8.6538314259860009E-004   5.0400000000001919E-003   1.8958753741592173E-004
  0.11718750000000000       0.15903108913867711        8.3127657717490806E-004   5.0200000000001884E-003   1.8747659786617137E-004
  0.11523437500000000       0.15694990242340709        8.3762736164502639E-004   5.0200000000001901E-003   1.8747659786617175E-004
  0.11328125000000000       0.15513830310931206        8.6475940266003064E-004   5.0200000000001910E-003   1.8747659786617161E-004
  0.11132812500000000       0.15346015244843880        8.4444283866287758E-004   5.0200000000001884E-003   1.8747659786617175E-004
  0.10937500000000000       0.15138513937802833        8.7137827670193536E-004   5.0200000000001875E-003   1.8747659786617221E-004
  0.10742187500000000       0.14916623050701000        8.6248538478008330E-004   5.0200000000001918E-003   1.8747659786617137E-004
  0.10546875000000000       0.14722711576402644        8.7263989316749919E-004   5.0200000000001910E-003   1.8747659786617115E-004
  0.10351562500000000       0.14547792709708970        8.9597734225732605E-004   5.0200000000001910E-003   1.8747659786617115E-004
  0.10156250000000000       0.14340898618846604        8.6070908243354358E-004   5.0200000000001918E-003   1.8747659786617115E-004
   9.9609375000000000E-002  0.14166653937957738        8.5980391281890154E-004   5.0200000000001918E-003   1.8747659786617058E-004
   9.7656250000000000E-002  0.13984971815238123        8.3931856759512685E-004   5.0000000000001918E-003   1.8748737331221625E-004
   9.5703125000000000E-002  0.13776812043525843        8.4054672944252977E-004   5.0000000000001918E-003   1.8748737331221614E-004
   9.3750000000000000E-002  0.13566176257874754        8.3249409676552292E-004   5.0000000000001909E-003   1.8748737331221660E-004
   9.1796875000000000E-002  0.13382983618588462        8.2892100228775314E-004   5.0000000000001883E-003   1.8748737331221660E-004
   8.9843750000000000E-002  0.13183138168806827        8.3300529861695045E-004   5.0000000000001883E-003   1.8748737331221674E-004
   8.7890625000000000E-002  0.12992964058080328        8.2688850824835997E-004   5.0000000000001901E-003   1.8748737331221660E-004
   8.5937500000000000E-002  0.12798894300898664        8.1983945502556057E-004   5.0000000000001901E-003   1.8748737331221709E-004
   8.3984375000000000E-002  0.12630708182154360        8.4246581520687675E-004   5.0000000000001918E-003   1.8748737331221625E-004
   8.2031250000000000E-002  0.12448111380924969        8.2304170363445392E-004   5.0000000000001918E-003   1.8748737331221625E-004
   8.0078125000000000E-002  0.12282780091401131        8.4124389315843055E-004   5.0000000000001909E-003   1.8748737331221614E-004
   7.8125000000000000E-002  0.12113592150359175        8.3543239207267456E-004   5.0000000000001909E-003   1.8748737331221614E-004
   7.6171875000000000E-002  0.11923762604129286        8.3391252269663274E-004   5.0000000000001909E-003   1.8748737331221685E-004
   7.4218750000000000E-002  0.11738871534859280        8.3732228720057153E-004   5.0000000000001918E-003   1.8748737331221674E-004
   7.2265625000000000E-002  0.11532490510024582        8.3445267135838649E-004   5.0000000000001935E-003   1.8748737331221639E-004
   7.0312500000000000E-002  0.11356800231941933        8.0897458886115879E-004   5.0000000000001918E-003   1.8748737331221660E-004
   6.8359375000000000E-002  0.11158006952863868        7.9013186226611128E-004   5.0000000000001944E-003   1.8748737331221590E-004
   6.6406250000000000E-002  0.10974088598763880        7.7194998070862116E-004   4.9600000000001934E-003   1.8744426781140295E-004
   6.4453125000000000E-002  0.10792156046942669        7.6152555499923134E-004   4.9600000000001934E-003   1.8744426781140285E-004
   6.2500000000000000E-002  0.10588515968158146        7.6296652371411744E-004   4.9600000000001917E-003   1.8744426781140306E-004
   6.0546875000000000E-002  0.10396490808546570        7.7052303411476630E-004   4.9600000000001934E-003   1.8744426781140225E-004
   5.8593750000000000E-002  0.10221059455919594        7.5716805525874974E-004   4.9600000000001943E-003   1.8744426781140190E-004
   5.6640625000000000E-002  0.10021082876931425        7.6206628245004669E-004   4.9600000000001934E-003   1.8744426781140225E-004
   5.4687500000000000E-002   9.8346702257576871E-002   7.4824343129557683E-004   4.9600000000001934E-003   1.8744426781140260E-004
   5.2734375000000000E-002   9.6706282835404306E-002   7.4378167613197571E-004   4.9600000000001934E-003   1.8744426781140260E-004
   5.0781250000000000E-002   9.4982207977031163E-002   7.3974112153043234E-004   4.9600000000001917E-003   1.8744426781140295E-004
   4.8828125000000000E-002   9.3235567874530634E-002   7.5097530694863510E-004   4.9600000000001917E-003   1.8744426781140295E-004
   4.6875000000000000E-002   9.1643375855951684E-002   7.5541138445775003E-004   4.9600000000001926E-003   1.8744426781140285E-004
   4.4921875000000000E-002   8.9874434154199129E-002   7.5442954399417591E-004   4.9600000000001934E-003   1.8744426781140249E-004
   4.2968750000000000E-002   8.8180946459179455E-002   7.4476011381720178E-004   4.9600000000001917E-003   1.8744426781140260E-004
   4.1015625000000000E-002   8.6560992766692754E-002   7.4961740118123575E-004   4.9600000000001943E-003   1.8744426781140214E-004
   3.9062500000000000E-002   8.4864265088144430E-002   7.5483201086970974E-004   4.9600000000001952E-003   1.8744426781140190E-004
   3.7109375000000000E-002   8.3119194875225427E-002   7.5876449874297106E-004   4.9600000000001952E-003   1.8744426781140200E-004
   3.5156250000000000E-002   8.1475709274864416E-002   7.5684890702651234E-004   4.9600000000001934E-003   1.8744426781140225E-004
   3.3203125000000000E-002   7.9811059014123206E-002   7.4820274721868743E-004   4.9600000000001926E-003   1.8744426781140238E-004
   3.1250000000000000E-002   7.8044664499591715E-002   7.4825671151084188E-004   4.9600000000001926E-003   1.8744426781140238E-004
   2.9296875000000000E-002   7.6414936424745616E-002   7.4539837078629434E-004   4.9600000000001934E-003   1.8744426781140214E-004
   2.7343750000000000E-002   7.4748317168454606E-002   7.4823609742812676E-004   4.9600000000001943E-003   1.8744426781140179E-004
   2.5390625000000000E-002   7.3078615733618082E-002   7.4617246789919153E-004   4.9600000000001908E-003   1.8744426781140271E-004
   2.3437500000000000E-002   7.1453635564741783E-002   7.4284373060363312E-004   4.9600000000001917E-003   1.8744426781140271E-004
   2.1484375000000000E-002   6.9765486797569790E-002   7.4214966438732629E-004   4.9600000000001926E-003   1.8744426781140225E-004
   1.9531250000000000E-002   6.8176021482855106E-002   7.4155343457075063E-004   4.9600000000001908E-003   1.8744426781140285E-004
   1.7578125000000000E-002   6.6550078886574188E-002   7.4561293558659256E-004   4.9600000000001900E-003   1.8744426781140285E-004
   1.5625000000000000E-002   6.4973895798026857E-002   7.4234040936235963E-004   4.9600000000001891E-003   1.8744426781140331E-004
   1.3671875000000000E-002   6.3364164716992022E-002   7.4601459572311713E-004   4.9600000000001917E-003   1.8744426781140260E-004
   1.1718750000000000E-002   6.1808200383271748E-002   7.4975634491409628E-004   4.9600000000001917E-003   1.8744426781140249E-004
   9.7656250000000000E-003   6.0302354579621582E-002   7.4953804763418664E-004   4.9400000000001908E-003   1.8953425105566450E-004
   7.8125000000000000E-003   5.8839925173887940E-002   7.4044195336422686E-004   4.9400000000001925E-003   1.8953425105566404E-004
   5.8593750000000000E-003   5.7426549969038405E-002   7.4071861855427477E-004   4.9400000000001899E-003   1.8953425105566486E-004
   3.9062500000000000E-003   5.6022440705303357E-002   7.4381727975944751E-004   4.9400000000001916E-003   1.8953425105566404E-004
   1.9531250000000000E-003   5.4653293533710429E-002   7.3868965539793737E-004   4.9400000000001916E-003   1.8953425105566426E-004
   0.0000000000000000        5.4653293533710429E-002   7.3868965539793737E-004   4.9400000000001916E-003   1.8953425105566426E-004
