   1.0000000000000000        1.5737365633121143        3.3390304473844023E-003  0.19425999999999952        1.2419128289648431E-003
  0.99804687500000000        1.5750793989537017        3.7488220707035773E-003  0.19563999999999954        1.3663724738787585E-003
  0.99609375000000000        1.5726528120800511        3.4115163034279875E-003  0.19491999999999943        1.3646089460932348E-003
  0.99414062500000000        1.5661434094964202        3.5061795625978658E-003  0.19175999999999949        1.3772406903631677E-003
  0.99218750000000000        1.5635674788562295        3.2150341291365763E-003  0.19153999999999954        1.2954793192739601E-003
  0.99023437500000000        1.5654036193630787        3.6900642884272528E-003  0.19219999999999968        1.3822832816418368E-003
  0.98828125000000000        1.5627138397096381        3.5266302029229048E-003  0.19135999999999961        1.3149889579747588E-003
  0.98632812500000000        1.5575909196476607        4.0635345305852317E-003  0.19115999999999947        1.5284983057587092E-003
  0.98437500000000000        1.5576127163939546        3.7506952750738058E-003  0.19169999999999962        1.4097424365370000E-003
  0.98242187500000000        1.5528022526006049        3.7692816150716292E-003  0.18909999999999960        1.3790276181849643E-003
  0.98046875000000000        1.5488051458133183        3.2119121422355497E-003  0.18841999999999953        1.2707414522174585E-003
  0.97851562500000000        1.5478459297917191        2.7907319509558829E-003  0.19011999999999948        1.1901345310595844E-003
  0.97656250000000000        1.5503358481024452        3.3398049559952361E-003  0.19019999999999956        1.4395566096277799E-003
  0.97460937500000000        1.5451560890355165        3.3887115067095935E-003  0.19019999999999956        1.4046100145339478E-003
  0.97265625000000000        1.5393900704390364        3.6817467597411273E-003  0.18753999999999951        1.3957670495342868E-003
  0.97070312500000000        1.5349820170996857        3.4822150395422439E-003  0.18689999999999954        1.4231491613156384E-003
  0.96875000000000000        1.5307927253410467        3.7329164496676830E-003  0.18269999999999961        1.3625214297266885E-003
  0.96679687500000000        1.5289652793746955        3.5795234618311313E-003  0.18319999999999953        1.4564381625088350E-003
  0.96484375000000000        1.5288403631621583        3.5118495132246802E-003  0.18567999999999960        1.3846838971220909E-003
  0.96289062500000000        1.5250079213732313        4.1021802713360981E-003  0.18521999999999966        1.3134563855596189E-003
  0.96093750000000000        1.5223867738700598        3.5670160561849067E-003  0.18203999999999965        1.4018688824693841E-003
  0.95898437500000000        1.5178228768330739        3.8575866331345145E-003  0.18069999999999964        1.3479127148551622E-003
  0.95703125000000000        1.5164626964589840        4.0199063655238041E-003  0.18145999999999959        1.3925791782432796E-003
  0.95507812500000000        1.5132358878506011        3.9341268185893660E-003  0.18255999999999958        1.3859555286056685E-003
  0.95312500000000000        1.5110391818172897        3.8316292601646290E-003  0.18099999999999966        1.4490679693504682E-003
  0.95117187500000000        1.5052434905217831        3.7938354279306342E-003  0.17917999999999970        1.3716008489675193E-003
  0.94921875000000000        1.5023671551696560        3.7189811620892618E-003  0.17789999999999961        1.3898259465184133E-003
  0.94726562500000000        1.5046248291150632        3.8283124662081237E-003  0.17887999999999957        1.3337332733513118E-003
  0.94531250000000000        1.5018059069107597        3.7301878623387471E-003  0.17873999999999957        1.2657588453356035E-003
  0.94335937500000000        1.4994895357424403        3.1927794225753161E-003  0.17783999999999961        1.3219758704378498E-003
  0.94140625000000000        1.4982503236996960        3.4002572443957288E-003  0.17839999999999964        1.2992616395786280E-003
  0.93945312500000000        1.4938585428987785        3.4641782385092350E-003  0.17581999999999962        1.3689470996411392E-003
  0.93750000000000000        1.4882849921199468        3.5893617842037645E-003  0.17541999999999963        1.3154236556863531E-003
  0.93554687500000000        1.4858113129345707        4.0725126588485906E-003  0.17473999999999956        1.4840988831440142E-003
  0.93359375000000000        1.4825258354491881        3.5942597872844263E-003  0.17425999999999964        1.2960405904603955E-003
  0.93164062500000000        1.4830325333661512        3.1902736749542791E-003  0.17617999999999959        1.3990169708935562E-003
  0.92968750000000000        1.4790958715294218        3.2097844819000015E-003  0.17153999999999964        1.2860887381607963E-003
  0.92773437500000000        1.4786400925694128        3.4135486415790436E-003  0.17325999999999947        1.3115354560688168E-003
  0.92578125000000000        1.4732967455157264        3.3732471849635564E-003  0.17379999999999959        1.4989558655505767E-003
  0.92382812500000000        1.4676036963496388        3.9474526046142863E-003  0.17067999999999961        1.4670027163222628E-003
  0.92187500000000000        1.4717209083304770        3.5146896648221232E-003  0.17087999999999959        1.4288004434037259E-003
  0.91992187500000000        1.4685139754934513        3.5958569735235341E-003  0.16853999999999961        1.5693671117087398E-003
  0.91796875000000000        1.4612049067686388        3.6787676171969688E-003  0.16781999999999964        1.4620022247076865E-003
  0.91601562500000000        1.4615744066663132        3.6195653675031706E-003  0.16527999999999968        1.4129330479465594E-003
  0.91406250000000000        1.4539098235292010        3.4964780065293416E-003  0.16673999999999961        1.3329256952624231E-003
  0.91210937500000000        1.4539412712113100        3.5642279640375188E-003  0.16717999999999961        1.2946182308449961E-003
  0.91015625000000000        1.4509609206613172        3.7431877402567663E-003  0.16715999999999956        1.2508356802513338E-003
  0.90820312500000000        1.4457695979471796        3.8339046821360577E-003  0.16409999999999961        1.2875079680051637E-003
  0.90625000000000000        1.4416354870426693        3.7374954492174241E-003  0.16337999999999958        1.3846766022900443E-003
  0.90429687500000000        1.4376246510476982        4.1336957899660498E-003  0.16307999999999956        1.3580794520129864E-003
  0.90234375000000000        1.4374840200466557        3.8361437179809631E-003  0.16171999999999970        1.3290902181870678E-003
  0.90039062500000000        1.4275808962263319        4.0604097395090678E-003  0.16043999999999961        1.2496722802722228E-003
  0.89843750000000000        1.4202395258526181        3.7264930287064695E-003  0.15881999999999963        1.2124255678496979E-003
  0.89648437500000000        1.4165597068109161        3.4417097880648480E-003  0.15807999999999964        1.2510746895320823E-003
  0.89453125000000000        1.4154914671704697        3.4202127127844137E-003  0.15873999999999966        1.4657448894019411E-003
  0.89257812500000000        1.4174462640837178        3.2466414117256004E-003  0.15875999999999960        1.2982599076759873E-003
  0.89062500000000000        1.4117835118869462        3.6177148860935663E-003  0.15765999999999963        1.2642896356564288E-003
  0.88867187500000000        1.4125999503029891        3.9234152708371058E-003  0.15717999999999957        1.4721920713513135E-003
  0.88671875000000000        1.4047554751667639        4.1291456441493622E-003  0.15511999999999970        1.3508904657687463E-003
  0.88476562500000000        1.4069191889093364        4.3050449575912425E-003  0.15695999999999966        1.4946314704043482E-003
  0.88281250000000000        1.4024337793738966        4.0666640598052764E-003  0.15629999999999969        1.4054367738365928E-003
  0.88085937500000000        1.3994578679871672        3.8853610310607607E-003  0.15459999999999965        1.3625584965664881E-003
  0.87890625000000000        1.3920356113044687        4.0271758977513204E-003  0.15143999999999966        1.5042243546395764E-003
  0.87695312500000000        1.3906929901645384        3.8603900948906457E-003  0.15237999999999968        1.4382073578035428E-003
  0.87500000000000000        1.3864139220877170        3.9410220277318209E-003  0.15227999999999964        1.4636387477237483E-003
  0.87304687500000000        1.3889605270692014        3.7516924246817620E-003  0.15171999999999966        1.4105003052502113E-003
  0.87109375000000000        1.3848054412510238        3.7913028763352729E-003  0.15195999999999965        1.3150196833799014E-003
  0.86914062500000000        1.3783748968590195        3.5904626113643168E-003  0.14807999999999968        1.2295749450336299E-003
  0.86718750000000000        1.3758884447927751        3.6232759549420157E-003  0.14603999999999973        1.3411829543994011E-003
  0.86523437500000000        1.3670357519807366        3.2932866435622264E-003  0.14571999999999968        1.2368157224554575E-003
  0.86328125000000000        1.3632924705702321        3.4288992937926673E-003  0.14691999999999969        1.1311636986445133E-003
  0.86132812500000000        1.3615431238532574        2.9717448103288532E-003  0.14655999999999964        1.1745035486785929E-003
  0.85937500000000000        1.3563406925522634        3.4616999485746953E-003  0.14285999999999968        1.3291616557329390E-003
  0.85742187500000000        1.3566976128497124        3.6841395081976562E-003  0.14405999999999972        1.2402199218466169E-003
  0.85546875000000000        1.3509407340137338        3.7468288113853736E-003  0.14309999999999967        1.3518038827335904E-003
  0.85351562500000000        1.3444498505068951        3.1331095061683046E-003  0.14323999999999973        1.1668069179766258E-003
  0.85156250000000000        1.3456318693613663        3.5213106371992714E-003  0.14193999999999979        1.3473370668532624E-003
  0.84960937500000000        1.3435378922758707        3.4163701230512404E-003  0.14223999999999970        1.3024545592026345E-003
  0.84765625000000000        1.3399739165255813        3.3198840927755511E-003  0.13985999999999979        1.2460053342296946E-003
  0.84570312500000000        1.3375239005903157        3.2222599557972425E-003  0.14021999999999959        1.3238740212885001E-003
  0.84375000000000000        1.3357285498009377        3.3208871720690840E-003  0.14027999999999971        1.3138024081560539E-003
  0.84179687500000000        1.3309777666430984        3.4881242348173773E-003  0.13799999999999976        1.2157219246108663E-003
  0.83984375000000000        1.3251179653373999        3.5304044161300922E-003  0.13771999999999976        1.1420414116214686E-003
  0.83789062500000000        1.3155573104961613        3.6443151118761784E-003  0.13537999999999970        1.2301580747565667E-003
  0.83593750000000000        1.3111897374931780        3.2994064733376737E-003  0.13379999999999975        1.2402345819165453E-003
  0.83398437500000000        1.3070477804556520        3.5036558369739798E-003  0.13321999999999976        1.3063620547848118E-003
  0.83203125000000000        1.3091253568494268        3.6954541773317104E-003  0.13403999999999974        1.2449429016154266E-003
  0.83007812500000000        1.3053188440189987        3.3223600949421591E-003  0.13251999999999986        1.3776337493957632E-003
  0.82812500000000000        1.3058118108762906        3.7997749906785541E-003  0.13237999999999975        1.2042668250261076E-003
  0.82617187500000000        1.2988248519394401        3.3548744077715560E-003  0.13105999999999973        1.2644174607903021E-003
  0.82421875000000000        1.2901380247170093        3.7117263857585694E-003  0.12895999999999982        1.2580183230024105E-003
  0.82226562500000000        1.2847707636993377        4.0446389062365039E-003  0.12801999999999977        1.2602693314838064E-003
  0.82031250000000000        1.2811362150600525        4.2076282776914858E-003  0.12549999999999981        1.3822467437494066E-003
  0.81835937500000000        1.2814120255663439        4.0925225312636029E-003  0.12607999999999980        1.4081781338188355E-003
  0.81640625000000000        1.2776558252782422        3.7496382010480367E-003  0.12599999999999978        1.3287801043274251E-003
  0.81445312500000000        1.2712300218049988        3.4457199235990014E-003  0.12343999999999979        1.1242344196398441E-003
  0.81250000000000000        1.2699702971479880        3.3731770477944457E-003  0.12243999999999977        1.1583966627553898E-003
  0.81054687500000000        1.2659630104423025        3.1475611815739374E-003  0.12261999999999977        1.1961875465263119E-003
  0.80859375000000000        1.2644082605207325        3.3420345575867539E-003  0.12445999999999977        1.2945433265219102E-003
  0.80664062500000000        1.2636189380307652        3.7445586054407594E-003  0.12319999999999980        1.2722365576360898E-003
  0.80468750000000000        1.2597381279587472        3.5457019673780037E-003  0.12083999999999979        1.2547058893169773E-003
  0.80273437500000000        1.2556366926166609        3.4959434487467043E-003  0.12287999999999979        1.2369137219529194E-003
  0.80078125000000000        1.2473838610691237        3.4650378258437634E-003  0.11887999999999975        1.1396685678057735E-003
  0.79882812500000000        1.2457164120369899        3.5780207231864139E-003  0.11807999999999973        1.1345519295334716E-003
  0.79687500000000000        1.2459020856462084        3.4104126163163767E-003  0.11937999999999981        1.1573899581175709E-003
  0.79492187500000000        1.2405460208195311        3.3559247649734844E-003  0.11829999999999981        1.1618080649564773E-003
  0.79296875000000000        1.2447979546035943        3.6105100945909665E-003  0.11875999999999980        1.2278847706934594E-003
  0.79101562500000000        1.2393555765239830        3.2926725224488884E-003  0.11805999999999985        1.1680787990576164E-003
  0.78906250000000000        1.2360051449503087        3.5088871222377833E-003  0.11637999999999979        1.1688533619826249E-003
  0.78710937500000000        1.2321621331412107        3.4742129097577227E-003  0.11523999999999980        1.1143798384044684E-003
  0.78515625000000000        1.2237132194704654        3.5433299859752359E-003  0.11417999999999977        1.3113629273670845E-003
  0.78320312500000000        1.2227456207836562        3.6745038382595559E-003  0.11477999999999977        1.3023351211100789E-003
  0.78125000000000000        1.2178838380785619        3.5452495021466913E-003  0.11357999999999983        1.1940238394993884E-003
  0.77929687500000000        1.2156650135583253        3.5033307056470354E-003  0.11169999999999977        1.2218135221171681E-003
  0.77734375000000000        1.2106432777995046        3.7021435640512738E-003  0.11163999999999977        1.1814663034817017E-003
  0.77539062500000000        1.2036120755275383        3.3332667377200171E-003  0.10959999999999979        1.2387677161378638E-003
  0.77343750000000000        1.1984071782749131        3.2301071069981606E-003  0.10893999999999980        1.1729114255224925E-003
  0.77148437500000000        1.1889998281684115        3.2572608790616582E-003  0.10781999999999985        1.1599703932131987E-003
  0.76953125000000000        1.1901464375249833        3.6750757826595633E-003  0.10507999999999978        1.1646025029593008E-003
  0.76757812500000000        1.1841321143614385        3.6260521867059609E-003  0.10593999999999981        1.1146245461086317E-003
  0.76562500000000000        1.1827237656593781        3.3577278231428378E-003  0.10389999999999980        1.1773536495725248E-003
  0.76367187500000000        1.1781928731670284        3.3680188714662099E-003  0.10435999999999980        1.0896686550405305E-003
  0.76171875000000000        1.1733432189697164        3.4149671030340280E-003  0.10445999999999982        1.2911055477200768E-003
  0.75976562500000000        1.1693555904404846        3.5438321127894017E-003  0.10209999999999984        1.2752104203469943E-003
  0.75781250000000000        1.1636063063406248        3.6638526211473163E-003  0.10041999999999980        1.1638650343497225E-003
  0.75585937500000000        1.1582043548099481        3.6910116919750741E-003  0.10079999999999983        1.0670453873129651E-003
  0.75390625000000000        1.1565189083291600        3.8884183064182691E-003   9.8439999999999805E-002   1.1000752958619498E-003
  0.75195312500000000        1.1537583910899611        3.6954897493005163E-003   9.9539999999999809E-002   1.2226333560116823E-003
  0.75000000000000000        1.1521982460779592        3.5492569373488472E-003   9.9199999999999788E-002   1.1775681155104301E-003
  0.74804687500000000        1.1517692508716242        3.6957374532021691E-003   9.8299999999999846E-002   1.2544466364243631E-003
  0.74609375000000000        1.1468508334355192        3.7697624687559146E-003   9.8119999999999874E-002   1.1462085060729109E-003
  0.74414062500000000        1.1388501159435802        4.0324739138167150E-003   9.6579999999999847E-002   1.3018386376136650E-003
  0.74218750000000000        1.1391777007751627        3.7603101194734223E-003   9.5259999999999817E-002   1.0755895728822350E-003
  0.74023437500000000        1.1337619409020490        3.5301013972874051E-003   9.6099999999999838E-002   1.2231355632392499E-003
  0.73828125000000000        1.1297452502459584        3.4364555570067048E-003   9.3939999999999843E-002   1.1663480084296070E-003
  0.73632812500000000        1.1230275272300141        4.0540052120043857E-003   9.2219999999999872E-002   1.1867602959317323E-003
  0.73437500000000000        1.1159589388693791        3.9274862549185446E-003   9.1399999999999898E-002   1.1787684036717793E-003
  0.73242187500000000        1.1097722931826255        3.8289276247884031E-003   8.8639999999999899E-002   1.2367699866992017E-003
  0.73046875000000000        1.1055004425783004        3.7928537606826572E-003   8.8699999999999862E-002   1.1153203100183330E-003
  0.72851562500000000        1.1025383439678840        3.4056438369953639E-003   8.7099999999999914E-002   1.1343578257179715E-003
  0.72656250000000000        1.0979297539426023        3.3555445941146136E-003   8.6499999999999938E-002   1.0844632801808056E-003
  0.72460937500000000        1.0976792602348764        3.3045841091771792E-003   8.7139999999999898E-002   1.0907341610589389E-003
  0.72265625000000000        1.0919000987754304        3.7592210174997088E-003   8.6159999999999876E-002   1.1063380307952185E-003
  0.72070312500000000        1.0900312859530064        3.5365631130474633E-003   8.5539999999999866E-002   1.0976025296669867E-003
  0.71875000000000000        1.0831775781915751        3.6297099695947301E-003   8.4979999999999903E-002   1.0676113241221751E-003
  0.71679687500000000        1.0772430517227116        3.1662263719633441E-003   8.3079999999999932E-002   1.0019859068747740E-003
  0.71484375000000000        1.0699604145793198        3.2708728659093939E-003   8.0979999999999899E-002   9.8780237666932710E-004
  0.71289062500000000        1.0698349409423598        3.4605890642441456E-003   8.2499999999999907E-002   1.1569290594002750E-003
  0.71093750000000000        1.0652369138544078        3.3648894293694985E-003   8.1539999999999904E-002   1.0942845086441388E-003
  0.70898437500000000        1.0604610732095678        3.7572669583561418E-003   8.1119999999999914E-002   1.0403262891414259E-003
  0.70703125000000000        1.0592954681916755        3.5683333052469166E-003   8.0119999999999927E-002   1.1334474095885381E-003
  0.70507812500000000        1.0582784047995397        3.4948008521319927E-003   7.9599999999999921E-002   1.0150384378450820E-003
  0.70312500000000000        1.0531496321020066        3.5664006807241953E-003   7.8859999999999930E-002   1.2247465208785071E-003
  0.70117187500000000        1.0491789376171925        3.6596256677354404E-003   7.8919999999999935E-002   1.0438545508030708E-003
  0.69921875000000000        1.0433465898412804        3.5905613462028142E-003   7.7279999999999932E-002   1.0800374105005652E-003
  0.69726562500000000        1.0375595195800624        3.5705292748714366E-003   7.6059999999999933E-002   1.0889546465405171E-003
  0.69531250000000000        1.0336671242090947        3.5533199672849363E-003   7.4839999999999934E-002   1.1174212737505330E-003
  0.69335937500000000        1.0276495973498201        3.5425608164140546E-003   7.2619999999999948E-002   1.1114445964190173E-003
  0.69140625000000000        1.0218887223517443        3.7368757877316418E-003   7.1179999999999910E-002   1.0146781347657753E-003
  0.68945312500000000        1.0173655898942384        3.4189391827869294E-003   7.1839999999999946E-002   9.6050491772278648E-004
  0.68750000000000000        1.0111681420323158        3.4849292379419269E-003   6.9779999999999953E-002   9.6730177673396594E-004
  0.68554687500000000        1.0139094744112116        3.3141463114190390E-003   6.8739999999999954E-002   8.5924796811341424E-004
  0.68359375000000000        1.0049317422229889        2.9960606816280245E-003   6.9079999999999919E-002   8.4011543218415348E-004
  0.68164062500000000        1.0047945149816482        3.0351471882182133E-003   6.9219999999999934E-002   9.3242163263733500E-004
  0.67968750000000000       0.99670846030007954        2.9465029774610259E-003   6.7639999999999964E-002   8.9820471896538668E-004
  0.67773437500000000       0.99321045082988091        3.0016294907001815E-003   6.5919999999999923E-002   8.6686244874866934E-004
  0.67578125000000000       0.98972946290798558        3.0936274409311274E-003   6.5359999999999960E-002   9.6938176695303966E-004
  0.67382812500000000       0.98712152821265553        3.1772348215670593E-003   6.6319999999999976E-002   9.4568450971723903E-004
  0.67187500000000000       0.98371348650652490        3.0880402834638997E-003   6.4679999999999960E-002   8.9362274823416772E-004
  0.66992187500000000       0.97548037004456878        3.0952948013778453E-003   6.3379999999999978E-002   9.4439120467882125E-004
  0.66796875000000000       0.97007266906375489        3.3618076449459453E-003   6.2399999999999956E-002   9.8267826151624492E-004
  0.66601562500000000       0.96692477952125910        3.1459887581251809E-003   6.0699999999999976E-002   7.9308883423603958E-004
  0.66406250000000000       0.95930211114530539        3.1049896683590203E-003   5.9459999999999971E-002   8.0946671558277360E-004
  0.66210937500000000       0.95501925248027530        3.1223479321092567E-003   5.8059999999999994E-002   8.1771052643982275E-004
  0.66015625000000000       0.95045914921583485        2.8560669643539422E-003   5.8300000000000012E-002   8.9097608488575026E-004
  0.65820312500000000       0.94423522215950673        2.8530701740581300E-003   5.6760000000000005E-002   8.1142349042163974E-004
  0.65625000000000000       0.93949747696860020        3.1091579241082534E-003   5.5879999999999999E-002   9.4786096239922891E-004
  0.65429687500000000       0.93505716186745236        3.1913077475336699E-003   5.4679999999999979E-002   9.2166735163545701E-004
  0.65234375000000000       0.93022118019358335        3.1601990220695465E-003   5.4580000000000010E-002   9.3734850627832499E-004
  0.65039062500000000       0.92660390277011362        3.1184215732291275E-003   5.3700000000000012E-002   9.2915732431774639E-004
  0.64843750000000000       0.92321516785556001        3.1497474948087084E-003   5.2499999999999991E-002   8.2063045485429294E-004
  0.64648437500000000       0.92071731892451281        2.9919335764485777E-003   5.3220000000000003E-002   8.0297175315426647E-004
  0.64453125000000000       0.91909006179471187        3.1443252906622988E-003   5.2940000000000008E-002   8.0926703337843469E-004
  0.64257812500000000       0.91401415483528992        3.2528297751348591E-003   5.2600000000000015E-002   1.0337731224436394E-003
  0.64062500000000000       0.91055196665691651        3.4019776462278035E-003   5.1140000000000026E-002   9.0129200192127449E-004
  0.63867187500000000       0.90743983860524713        3.3291484353552918E-003   5.1240000000000015E-002   8.9432780467914481E-004
  0.63671875000000000       0.90355126851512357        3.4378533602554642E-003   4.9140000000000045E-002   8.3955495666007750E-004
  0.63476562500000000       0.89987704176199756        3.2050270855474446E-003   4.9719999999999993E-002   8.5328598353481865E-004
  0.63281250000000000       0.89431138654612052        3.3951199059985811E-003   4.9160000000000030E-002   8.7070388337553582E-004
  0.63085937500000000       0.89197051663898685        3.3006906992086847E-003   4.8740000000000040E-002   9.0504980609639981E-004
  0.62890625000000000       0.88841131039001808        3.2616774473645848E-003   4.8980000000000044E-002   9.6838718360669812E-004
  0.62695312500000000       0.87940275065302709        3.0457927959924615E-003   4.7080000000000052E-002   9.2087792981270455E-004
  0.62500000000000000       0.87124754986595332        3.0241202094823871E-003   4.4380000000000051E-002   8.7047879545300712E-004
  0.62304687500000000       0.86454777861434584        3.2272997090699654E-003   4.3920000000000049E-002   8.1794025614727024E-004
  0.62109375000000000       0.86010320994280154        3.2106442664747610E-003   4.3120000000000068E-002   8.3765907580154162E-004
  0.61914062500000000       0.85970567353575833        2.9494608140354464E-003   4.2600000000000061E-002   8.0779035183965416E-004
  0.61718750000000000       0.85292013508666653        3.0018900845703968E-003   4.1200000000000035E-002   7.1745904046675282E-004
  0.61523437500000000       0.84781658015017403        2.8721450418491873E-003   4.0860000000000084E-002   7.3594850500573043E-004
  0.61328125000000000       0.84140444607372689        2.9105985430801728E-003   3.9280000000000051E-002   7.4319539418606832E-004
  0.61132812500000000       0.83699432722996869        2.9945082814398232E-003   3.9060000000000067E-002   7.2499669104085496E-004
  0.60937500000000000       0.83427672191358337        2.9626053016520684E-003   3.8320000000000076E-002   6.9440476654322486E-004
  0.60742187500000000       0.82897090719660183        2.8763667309197882E-003   3.7400000000000093E-002   6.9136083052177420E-004
  0.60546875000000000       0.82272697502433056        2.8842951094973611E-003   3.6960000000000069E-002   7.7926668455449417E-004
  0.60351562500000000       0.81680063765868161        2.6141905735253259E-003   3.6080000000000077E-002   6.9858153541024423E-004
  0.60156250000000000       0.81342625830556559        3.0196480249445280E-003   3.5180000000000086E-002   6.6611795600562680E-004
  0.59960937500000000       0.80661703780301819        2.9621419814021962E-003   3.5380000000000071E-002   7.5408383104427702E-004
  0.59765625000000000       0.80351714013521502        2.9048030105804411E-003   3.3880000000000084E-002   6.6107961897659466E-004
  0.59570312500000000       0.79753909031277670        2.7418330213537078E-003   3.2580000000000074E-002   6.2557932746334205E-004
  0.59375000000000000       0.79525774659189619        2.8249403349615209E-003   3.2960000000000080E-002   7.4371711793875823E-004
  0.59179687500000000       0.79073146329093713        2.9282832851062791E-003   3.2420000000000081E-002   7.4632838657392770E-004
  0.58984375000000000       0.78893145519949259        2.7254378719415986E-003   3.1400000000000067E-002   6.7897724631249361E-004
  0.58789062500000000       0.78573378835938268        2.6348078793564955E-003   3.0440000000000085E-002   6.1337285775150106E-004
  0.58593750000000000       0.77948958022993675        2.8333970661594747E-003   3.0640000000000080E-002   6.0561680720708482E-004
  0.58398437500000000       0.77562811083644145        2.8119045159249166E-003   3.0100000000000068E-002   6.7112147961754143E-004
  0.58203125000000000       0.77300613666238549        2.8201204189992630E-003   2.8540000000000058E-002   6.5186910751571846E-004
  0.58007812500000000       0.76752760755844618        3.0005228216255647E-003   2.8620000000000069E-002   6.0147629826431113E-004
  0.57812500000000000       0.76647604604174280        2.8239525899523528E-003   2.8640000000000075E-002   6.5126450428796526E-004
  0.57617187500000000       0.75831085857167169        3.0117292982865659E-003   2.7560000000000071E-002   6.6943666955541874E-004
  0.57421875000000000       0.75652844632412042        3.0478012265785512E-003   2.7320000000000063E-002   6.8296442370038954E-004
  0.57226562500000000       0.75305217553711545        2.9905429498403454E-003   2.6760000000000068E-002   6.3867286642148259E-004
  0.57031250000000000       0.74989674532457773        2.9628737088966068E-003   2.6440000000000068E-002   6.4546905660171103E-004
  0.56835937500000000       0.74392504089433753        2.8216775431335909E-003   2.5880000000000063E-002   6.9910187694172230E-004
  0.56640625000000000       0.74109458443632448        2.6988000617875216E-003   2.4200000000000062E-002   6.1791438065332744E-004
  0.56445312500000000       0.73843327644257173        2.8263595860130324E-003   2.4740000000000064E-002   5.4209097600184343E-004
  0.56250000000000000       0.73583468966195598        2.6930791707056923E-003   2.4760000000000063E-002   5.3543525200617354E-004
  0.56054687500000000       0.73033273278726696        2.6051898683948538E-003   2.4280000000000065E-002   5.6996898728321440E-004
  0.55859375000000000       0.72693680447208764        2.4769118412642189E-003   2.2940000000000058E-002   5.1597118391076124E-004
  0.55664062500000000       0.72309919290188684        2.3807575019017210E-003   2.2560000000000059E-002   5.4389541478323648E-004
  0.55468750000000000       0.71795913818974677        2.4227154228864149E-003   2.2260000000000058E-002   5.8579480669903878E-004
  0.55273437500000000       0.71351940993402518        2.3284052014994798E-003   2.1980000000000062E-002   5.6317641709120194E-004
  0.55078125000000000       0.70864290193514379        2.4121535221514811E-003   2.1120000000000055E-002   5.3959955223080946E-004
  0.54882812500000000       0.70542095924160675        2.4261017918871556E-003   2.0300000000000065E-002   5.3738987596333181E-004
  0.54687500000000000       0.70120316102435742        2.4148843077098094E-003   2.0640000000000061E-002   5.2867664020551789E-004
  0.54492187500000000       0.69748218176638677        2.5796898548367223E-003   2.0060000000000060E-002   5.2451420525583328E-004
  0.54296875000000000       0.69415994467749254        2.6661901366969677E-003   1.9940000000000065E-002   5.8219716192501464E-004
  0.54101562500000000       0.69058432507516232        2.9229722141294679E-003   1.9600000000000062E-002   5.5704849905823992E-004
  0.53906250000000000       0.68914677080172448        2.8699872508104311E-003   1.8980000000000070E-002   5.6888691603193629E-004
  0.53710937500000000       0.68586510437607373        2.6855944547727589E-003   1.8520000000000064E-002   5.1922241784415019E-004
  0.53515625000000000       0.68380422604148550        2.5349798828673475E-003   1.8380000000000056E-002   5.3838141261985939E-004
  0.53320312500000000       0.68092896254293900        2.5412549275258324E-003   1.8520000000000071E-002   5.3757404939772005E-004
  0.53125000000000000       0.67536403245089494        2.5666402809833085E-003   1.7760000000000071E-002   5.4995316605006340E-004
  0.52929687500000000       0.67263196584103879        2.6262963016883620E-003   1.6940000000000080E-002   4.7943990891729821E-004
  0.52734375000000000       0.66908123497441718        2.4798048209742933E-003   1.7560000000000069E-002   4.7531382509162967E-004
  0.52539062500000000       0.66496766091165949        2.5598933070181485E-003   1.6640000000000071E-002   4.8482424181815433E-004
  0.52343750000000000       0.66364954347541016        2.4907383532828406E-003   1.6460000000000075E-002   4.9306708622169626E-004
  0.52148437500000000       0.65995582736013081        2.6829713384375824E-003   1.6320000000000078E-002   4.4921480317765760E-004
  0.51953125000000000       0.65510387281614224        2.4507780085188374E-003   1.5580000000000087E-002   4.4339826364344194E-004
  0.51757812500000000       0.65058637002983699        2.4428821710951861E-003   1.6400000000000078E-002   4.5836776730155302E-004
  0.51562500000000000       0.64665982836146652        2.2823715299469943E-003   1.5720000000000088E-002   4.5573339716651088E-004
  0.51367187500000000       0.64436622112657149        2.3121879622298681E-003   1.5300000000000093E-002   4.3239992711573903E-004
  0.51171875000000000       0.63889275854115957        2.1561562293394170E-003   1.4240000000000100E-002   4.0229643826713570E-004
  0.50976562500000000       0.63639174649408292        2.3500389669544371E-003   1.4240000000000093E-002   4.3880462047418776E-004
  0.50781250000000000       0.63429357867659275        2.4087469284277919E-003   1.4180000000000102E-002   4.4138899218743640E-004
  0.50585937500000000       0.63086070089997814        2.5678493842076285E-003   1.3440000000000101E-002   4.1979311884101056E-004
  0.50390625000000000       0.62849220265371653        2.2988464130224177E-003   1.3380000000000097E-002   4.1066096021222215E-004
  0.50195312500000000       0.62252026727711784        2.4643686869625682E-003   1.3140000000000113E-002   4.4518070329457773E-004
  0.50000000000000000       0.61747528567096521        2.4889016403094712E-003   1.2760000000000110E-002   4.5905480406081297E-004
  0.49804687500000000       0.61523776719507339        2.3308682891322514E-003   1.2580000000000117E-002   4.3973821413392485E-004
  0.49609375000000000       0.61453728083714065        2.1608809672564564E-003   1.2260000000000121E-002   4.6332570301107264E-004
  0.49414062500000000       0.61120765484597339        2.1612173499250711E-003   1.2040000000000117E-002   3.9489673883615653E-004
  0.49218750000000000       0.60680635816683692        2.2027867363207795E-003   1.1840000000000121E-002   4.0569680672873979E-004
  0.49023437500000000       0.60341838813015758        2.2832718822998169E-003   1.1460000000000121E-002   4.1473369817756456E-004
  0.48828125000000000       0.60051593282803484        2.1778456696477373E-003   1.1360000000000117E-002   3.7484542268659271E-004
  0.48632812500000000       0.59835771885217159        2.0680415558228214E-003   1.1180000000000127E-002   3.6414560302441942E-004
  0.48437500000000000       0.59514571032007546        2.3559020463047426E-003   1.1040000000000138E-002   3.7549159696847469E-004
  0.48242187500000000       0.59354770836942694        2.0867004447247981E-003   1.1020000000000130E-002   3.6458915579765881E-004
  0.48046875000000000       0.58983612029634613        2.0924926394821205E-003   1.1100000000000131E-002   3.4038006090043318E-004
  0.47851562500000000       0.58690624729192642        2.3178514352893463E-003   1.0860000000000133E-002   3.1814487520021240E-004
  0.47656250000000000       0.58578488631331327        2.2052397191181963E-003   1.0740000000000124E-002   3.1482558904121855E-004
  0.47460937500000000       0.58289927592991464        2.0805020947573987E-003   1.0600000000000135E-002   3.5675303400633260E-004
  0.47265625000000000       0.57965716504995379        1.9365738077579675E-003   1.0080000000000137E-002   3.3505012439720612E-004
  0.47070312500000000       0.57599355737719182        1.9074887643524860E-003   1.0000000000000136E-002   3.3028912953790649E-004
  0.46875000000000000       0.57116986500160605        1.8923527165702844E-003   9.8600000000001360E-003   3.1302370259109295E-004
  0.46679687500000000       0.56913033101903276        1.9645895196999654E-003   9.8200000000001359E-003   3.1152281561141429E-004
  0.46484375000000000       0.56700632901219350        1.9264949718616035E-003   9.8400000000001438E-003   3.3596536618039278E-004
  0.46289062500000000       0.56346899378666382        1.9675256666221554E-003   9.6200000000001423E-003   2.9362932724470866E-004
  0.46093750000000000       0.56018173993631248        1.8862692252734222E-003   9.5200000000001412E-003   3.0500206987209234E-004
  0.45898437500000000       0.55862418865229702        1.8787918015395137E-003   9.4600000000001419E-003   3.3255059613523003E-004
  0.45703125000000000       0.55298390995690894        1.8124978301745083E-003   9.4200000000001453E-003   3.1692334095235434E-004
  0.45507812500000000       0.54852116279771668        1.7604333317453934E-003   9.0200000000001494E-003   3.2097704376833592E-004
  0.45312500000000000       0.54611111617707664        1.7792178531327474E-003   8.8600000000001525E-003   3.0252139084565460E-004
  0.45117187500000000       0.54262314055116279        1.8387032216212417E-003   8.7600000000001513E-003   2.9098231401702914E-004
  0.44921875000000000       0.54081106525358602        1.9506366755732188E-003   8.7200000000001443E-003   2.9476235934197524E-004
  0.44726562500000000       0.54044323236551739        2.0598207094132764E-003   8.7400000000001539E-003   3.0171898089835351E-004
  0.44531250000000000       0.53757074779483616        2.1106538835353951E-003   8.4800000000001506E-003   2.9421355536687086E-004
  0.44335937500000000       0.53400312157025664        1.9544991252929073E-003   8.1000000000001557E-003   2.8337789310923459E-004
  0.44140625000000000       0.53004238553731176        2.0046478667606928E-003   8.0800000000001600E-003   2.7549038004065984E-004
  0.43945312500000000       0.52845138252483381        1.8847837569444903E-003   7.7200000000001590E-003   2.6970990775911920E-004
  0.43750000000000000       0.52446699760397142        1.8268170458312885E-003   7.7000000000001616E-003   2.7024119417716740E-004
  0.43554687500000000       0.52073439105285613        1.7984821438134454E-003   7.7200000000001564E-003   2.7120382584232462E-004
  0.43359375000000000       0.51850012331181583        1.9414830279992179E-003   7.4000000000001617E-003   2.6892979069495125E-004
  0.43164062500000000       0.51700446905785657        1.7831401602967944E-003   7.2600000000001665E-003   2.6916256212274856E-004
  0.42968750000000000       0.51394593000101574        1.6166790557407772E-003   7.2400000000001638E-003   2.5549318518654451E-004
  0.42773437500000000       0.51092073075687627        1.6624956381851006E-003   7.2400000000001621E-003   2.5549318518654489E-004
  0.42578125000000000       0.51027409004202251        1.7674271254546725E-003   7.2200000000001638E-003   2.7398296784045647E-004
  0.42382812500000000       0.50657090322008269        1.7044881909932057E-003   6.9400000000001674E-003   2.7036077654672393E-004
  0.42187500000000000       0.50479296492047543        1.7279151294546497E-003   6.9800000000001658E-003   2.7486635871185392E-004
  0.41992187500000000       0.50187006680526325        1.9197284027030674E-003   6.9400000000001657E-003   2.8773584968146956E-004
  0.41796875000000000       0.49840704776718253        2.0205138872182761E-003   6.8600000000001663E-003   2.8604583937232963E-004
  0.41601562500000000       0.49402927841107014        1.8175700976713772E-003   6.7400000000001677E-003   2.7065950132327540E-004
  0.41406250000000000       0.49220118573526533        1.8101535434980394E-003   6.7000000000001702E-003   2.6723424446380313E-004
  0.41210937500000000       0.48936711520604126        1.7687641962878056E-003   6.5400000000001715E-003   2.5402616583590607E-004
  0.41015625000000000       0.48644982776415135        1.6254020485358723E-003   6.6200000000001648E-003   2.3731664905604684E-004
  0.40820312500000000       0.48263098111660624        1.6507611616823942E-003   6.4000000000001720E-003   2.4944382578492646E-004
  0.40625000000000000       0.48095618210034713        1.6575695998594848E-003   6.1800000000001749E-003   2.3629291871391775E-004
  0.40429687500000000       0.47845695429779389        1.6322143521465891E-003   6.3000000000001744E-003   2.4350139484801271E-004
  0.40234375000000000       0.47492969055281314        1.7421135436148385E-003   6.2600000000001734E-003   2.4230375793848026E-004
  0.40039062500000000       0.47226466596330297        1.6455651298258630E-003   6.1400000000001774E-003   2.4660113789704929E-004
  0.39843750000000000       0.46991333113432210        1.5851906385611857E-003   6.2200000000001802E-003   2.4270362688894612E-004
  0.39648437500000000       0.46749152337666822        1.6085097104352295E-003   6.0000000000001788E-003   2.2918388365077356E-004
  0.39453125000000000       0.46526256123493709        1.5874235790785494E-003   5.9200000000001777E-003   2.3769941123403894E-004
  0.39257812500000000       0.46257893625563890        1.7198124274323064E-003   5.9000000000001777E-003   2.3333333333333062E-004
  0.39062500000000000       0.46019083936417537        1.6200153036400097E-003   5.7800000000001791E-003   2.3765691254581042E-004
  0.38867187500000000       0.45806463199617736        1.5463084896250438E-003   5.6800000000001806E-003   2.4073960113690112E-004
  0.38671875000000000       0.45567350939771656        1.4633179872141696E-003   5.5800000000001846E-003   2.3833598218489575E-004
  0.38476562500000000       0.45228564495944673        1.6046711365516810E-003   5.5400000000001871E-003   2.4758224834783328E-004
  0.38281250000000000       0.44947029005016698        1.5367152316798599E-003   5.5200000000001871E-003   2.3633566268031585E-004
  0.38085937500000000       0.44635646461476652        1.4923418691815521E-003   5.5200000000001880E-003   2.5444731152722539E-004
  0.37890625000000000       0.44488689875874110        1.5001754073430545E-003   5.5400000000001828E-003   2.4429655765238886E-004
  0.37695312500000000       0.44209504556584261        1.6087297578161904E-003   5.5400000000001837E-003   2.3928344208608401E-004
  0.37500000000000000       0.43907419292248612        1.7216701216063398E-003   5.3600000000001849E-003   2.3592500092318473E-004
  0.37304687500000000       0.43771589840958958        1.7399168505339469E-003   5.3800000000001867E-003   2.3215285803743175E-004
  0.37109375000000000       0.43540578483784514        1.7593676899510156E-003   5.3200000000001892E-003   2.3132468763862978E-004
  0.36914062500000000       0.43332006859862682        1.7356697083096746E-003   5.3600000000001867E-003   2.4100798427613784E-004
  0.36718750000000000       0.43037324566909774        1.6222167534250182E-003   5.2000000000001914E-003   2.2563042992710300E-004
  0.36523437500000000       0.42825041844210182        1.6458200047185620E-003   5.1800000000001888E-003   2.2580048402485141E-004
  0.36328125000000000       0.42383281089859681        1.6164564984452613E-003   5.1800000000001888E-003   2.2580048402485133E-004
  0.36132812500000000       0.42133848551749359        1.6017164067253706E-003   5.2200000000001889E-003   2.2722747024143383E-004
  0.35937500000000000       0.41949228531596100        1.6161991646404146E-003   5.1600000000001913E-003   2.3125481157975099E-004
  0.35742187500000000       0.41805796183314653        1.5704890880356367E-003   5.0800000000001885E-003   2.2096208368007643E-004
  0.35546875000000000       0.41541213322311221        1.6173119192232986E-003   5.1200000000001912E-003   2.2077915287325647E-004
  0.35351562500000000       0.41240236367300859        1.4581305976170199E-003   5.0600000000001876E-003   2.1919042963697858E-004
  0.35156250000000000       0.41003533109174511        1.4714670741546800E-003   5.1000000000001886E-003   2.2630095274240439E-004
  0.34960937500000000       0.40880889669040210        1.4227166120247584E-003   5.0400000000001936E-003   2.2289192017838343E-004
  0.34765625000000000       0.40552664328795651        1.4181850301322632E-003   5.0200000000001944E-003   2.2109918246082969E-004
  0.34570312500000000       0.40225758529336658        1.5405417791093338E-003   5.0200000000001918E-003   2.1926415045959172E-004
  0.34375000000000000       0.39972498260329481        1.4814151399922934E-003   5.0200000000001918E-003   2.1554722466458456E-004
  0.34179687500000000       0.39746629614432172        1.4730976371307267E-003   4.9800000000001952E-003   2.1366451566070597E-004
  0.33984375000000000       0.39570001069954164        1.4840019041633976E-003   4.9600000000001934E-003   2.1923650805612954E-004
  0.33789062500000000       0.39365087492438283        1.4265252896030161E-003   4.9600000000001926E-003   2.1738575311313412E-004
  0.33593750000000000       0.39145698112361260        1.3446889960466346E-003   4.9600000000001960E-003   2.1173644757651382E-004
  0.33398437500000000       0.38912484983404494        1.3075507323477757E-003   4.8800000000001967E-003   2.0757376685618905E-004
  0.33203125000000000       0.38629996258394528        1.4619045714304550E-003   4.8800000000001958E-003   2.0757376685618940E-004
  0.33007812500000000       0.38438054020338647        1.5278752004265325E-003   4.9000000000001950E-003   2.0961725582449732E-004
  0.32812500000000000       0.38169081129840449        1.4732922349658375E-003   4.8000000000001965E-003   2.0694995247228700E-004
  0.32617187500000000       0.37981091713123194        1.5507134439196580E-003   4.8200000000001957E-003   2.0713534344734508E-004
  0.32421875000000000       0.37795661796082169        1.5179981303855001E-003   4.7400000000001937E-003   2.0627528923623919E-004
  0.32226562500000000       0.37618613664903650        1.4975204258193637E-003   4.7000000000001953E-003   2.0375267241229197E-004
  0.32031250000000000       0.37410439729404543        1.6561216532547621E-003   4.7200000000001954E-003   2.0601068914112948E-004
  0.31835937500000000       0.37157941829258712        1.4888843510791395E-003   4.7000000000001979E-003   2.0375267241229124E-004
  0.31640625000000000       0.36910629126127681        1.4358238363444968E-003   4.6400000000001987E-003   2.0076620907680097E-004
  0.31445312500000000       0.36614024607746493        1.3856165699175989E-003   4.6400000000001987E-003   2.0076620907680110E-004
  0.31250000000000000       0.36456816956281329        1.4462466811637521E-003   4.6200000000001977E-003   1.9836707123283844E-004
  0.31054687500000000       0.36182765990448229        1.3937698597468161E-003   4.6400000000001987E-003   1.9874352794239358E-004
  0.30859375000000000       0.35931619674761156        1.3226562646801413E-003   4.6200000000002021E-003   1.9836707123283812E-004
  0.30664062500000000       0.35710034581187666        1.2525757279214624E-003   4.6000000000002003E-003   1.9591793788175036E-004
  0.30468750000000000       0.35451136367552993        1.1986316307003564E-003   4.6000000000002003E-003   1.9591793788175022E-004
  0.30273437500000000       0.35270968673403646        1.1775909164143013E-003   4.6000000000002003E-003   1.9591793788175036E-004
  0.30078125000000000       0.34971650369621715        1.2119281705974031E-003   4.6200000000001995E-003   1.9836707123283822E-004
  0.29882812500000000       0.34823245313525253        1.2510585988796323E-003   4.5600000000002002E-003   1.8873315029480417E-004
  0.29687500000000000       0.34640165801607020        1.1403481168223259E-003   4.5400000000002001E-003   1.8825085348646661E-004
  0.29492187500000000       0.34414550643978692        1.2021655620141005E-003   4.5600000000002002E-003   1.8873315029480396E-004
  0.29296875000000000       0.34329230628625190        1.2568372818468159E-003   4.5200000000002001E-003   1.8774579848423735E-004
  0.29101562500000000       0.34208538948195694        1.2213657714031164E-003   4.5200000000002001E-003   1.8774579848423746E-004
  0.28906250000000000       0.33869104482512902        1.2704114398885071E-003   4.5200000000001992E-003   1.8774579848423746E-004
  0.28710937500000000       0.33668360455362317        1.2915302140198695E-003   4.5200000000001983E-003   1.8774579848423781E-004
  0.28515625000000000       0.33296474083683031        1.4610077423679066E-003   4.5200000000001992E-003   1.8774579848423746E-004
  0.28320312500000000       0.32991580709734597        1.3700986170060883E-003   4.4800000000002000E-003   1.8666666666666468E-004
  0.28125000000000000       0.32754867511245500        1.3926394152756229E-003   4.4800000000001991E-003   1.8666666666666468E-004
  0.27929687500000000       0.32518277937719936        1.3863287097428544E-003   4.4600000000002008E-003   1.9038504312698446E-004
  0.27734375000000000       0.32322703883299697        1.2639906889125891E-003   4.4400000000001999E-003   1.9191749068889563E-004
  0.27539062500000000       0.32079343494357515        1.2346997564766627E-003   4.4400000000002025E-003   1.9191749068889528E-004
  0.27343750000000000       0.31822002972151581        1.1903929612472163E-003   4.4400000000002016E-003   1.9191749068889539E-004
  0.27148437500000000       0.31605844638948161        1.1181944282486827E-003   4.4400000000002042E-003   1.9191749068889528E-004
  0.26953125000000000       0.31358678009396251        1.1363651497436900E-003   4.4400000000002016E-003   1.9191749068889585E-004
  0.26757812500000000       0.31146897421817821        1.1744125266769652E-003   4.4400000000001999E-003   1.9191749068889609E-004
  0.26562500000000000       0.30855483782203591        1.2100470052680320E-003   4.3800000000001997E-003   1.9004518335693471E-004
  0.26367187500000000       0.30636745683758326        1.2165949918277988E-003   4.4000000000002024E-003   1.9279968146165626E-004
  0.26171875000000000       0.30411055162155581        1.2021801025354562E-003   4.4000000000001980E-003   1.9279968146165705E-004
  0.25976562500000000       0.30205146020630003        1.2046859080917334E-003   4.3400000000002022E-003   1.9499805748837966E-004
  0.25781250000000000       0.29991039557926230        1.0814853653036316E-003   4.3400000000002013E-003   1.9499805748838004E-004
  0.25585937500000000       0.29783738792339831        1.0667234524647704E-003   4.3000000000002012E-003   1.9565998130130569E-004
  0.25390625000000000       0.29601785074800763        1.0750488870504443E-003   4.2800000000002012E-003   1.9284158988111953E-004
  0.25195312500000000       0.29324140055956655        1.0888718042916406E-003   4.2800000000002020E-003   1.9284158988111950E-004
  0.25000000000000000       0.29078123129023986        1.0768948032223165E-003   4.2800000000002012E-003   1.9284158988111942E-004
  0.24804687500000000       0.28901536419985396        1.0606418311031626E-003   4.2600000000002011E-003   1.8996012340711821E-004
  0.24609375000000000       0.28638350365120341        1.0862974343079906E-003   4.2600000000002037E-003   1.8996012340711811E-004
  0.24414062500000000       0.28386993170290398        1.0885623683379538E-003   4.2600000000002020E-003   1.8996012340711830E-004
  0.24218750000000000       0.28199328003544588        1.1197027507037385E-003   4.2600000000002011E-003   1.8996012340711846E-004
  0.24023437500000000       0.28019077692828559        1.0804650811885822E-003   4.2600000000002029E-003   1.8996012340711783E-004
  0.23828125000000000       0.27869379401768546        1.0691623320453491E-003   4.2200000000002028E-003   1.9257951263534654E-004
  0.23632812500000000       0.27652465692964479        1.0552794436664850E-003   4.2200000000002036E-003   1.9257951263534678E-004
  0.23437500000000000       0.27485757121183524        1.1018370986370419E-003   4.2200000000002019E-003   1.9257951263534695E-004
  0.23242187500000000       0.27218022371247974        1.0935001430915623E-003   4.2000000000002010E-003   1.9174899417643879E-004
  0.23046875000000000       0.27023407439037916        1.1027300620698268E-003   4.2000000000002010E-003   1.9174899417643865E-004
  0.22851562500000000       0.26778919082954772        1.1321835486185943E-003   4.1800000000002027E-003   1.9089369827315715E-004
  0.22656250000000000       0.26569855081800775        1.1299119400248196E-003   4.1800000000002027E-003   1.9089369827315715E-004
  0.22460937500000000       0.26318283762346367        1.1399692197650879E-003   4.1600000000002026E-003   1.8787487776967149E-004
  0.22265625000000000       0.26187729636110035        1.1025111945060441E-003   4.1600000000002017E-003   1.8787487776967114E-004
  0.22070312500000000       0.25933677682016709        1.0485405735562909E-003   4.1600000000002043E-003   1.8787487776967101E-004
  0.21875000000000000       0.25715810591723870        1.0491300464124964E-003   4.1400000000002043E-003   1.8695864610532086E-004
  0.21679687500000000       0.25550300584662922        1.0440461524177261E-003   4.1400000000002025E-003   1.8695864610532097E-004
  0.21484375000000000       0.25331626693690212        1.0887600711352826E-003   4.1400000000002060E-003   1.8695864610532032E-004
  0.21289062500000000       0.25146812477323677        1.0917177169656451E-003   4.1400000000002034E-003   1.8695864610532097E-004
  0.21093750000000000       0.24953475345877985        1.0932257442007876E-003   4.1000000000002016E-003   1.8936363393900422E-004
  0.20898437500000000       0.24718290416747338        1.0929614154265711E-003   4.1000000000002042E-003   1.8936363393900414E-004
  0.20703125000000000       0.24507832087936152        1.0140651169406696E-003   4.0800000000002033E-003   1.8623326309450625E-004
  0.20507812500000000       0.24270985175168402        1.0429174478220646E-003   4.0800000000002007E-003   1.8623326309450647E-004
  0.20312500000000000       0.24044475164076851        1.0242017468094500E-003   4.0400000000002040E-003   1.8197568935204186E-004
  0.20117187500000000       0.23838523066492440        1.0241703385464697E-003   4.0600000000002041E-003   1.8302729277074780E-004
  0.19921875000000000       0.23617305458274110        1.0677720277643518E-003   4.0400000000002040E-003   1.7974167771296143E-004
  0.19726562500000000       0.23387055686602001        1.0386177341697308E-003   4.0400000000002058E-003   1.7974167771296119E-004
  0.19531250000000000       0.23220661629675571        1.0428698566953241E-003   4.0400000000002066E-003   1.7974167771296089E-004
  0.19335937500000000       0.22979547238003298        1.0524614071605706E-003   4.0000000000002065E-003   1.8202008991128528E-004
  0.19140625000000000       0.22808939661838179        1.0464410282919852E-003   3.9600000000002064E-003   1.7518821047921108E-004
  0.18945312500000000       0.22606590379121261        1.0378729960721163E-003   3.9600000000002064E-003   1.7518821047921075E-004
  0.18750000000000000       0.22380167076034557        1.0400585885611759E-003   3.9600000000002055E-003   1.7518821047921100E-004
  0.18554687500000000       0.22146450750604363        1.0052835601356809E-003   3.9600000000002064E-003   1.7518821047921110E-004
  0.18359375000000000       0.21941269669435765        9.0778749149887856E-004   3.9400000000002072E-003   1.7163503680363491E-004
  0.18164062500000000       0.21783011136384889        9.1022278762149995E-004   3.9400000000002072E-003   1.7163503680363515E-004
  0.17968750000000000       0.21569147342184830        9.1809792490153111E-004   3.9200000000002054E-003   1.7037095593516540E-004
  0.17773437500000000       0.21352720395852182        8.8861278211249380E-004   3.9200000000002046E-003   1.7037095593516567E-004
  0.17578125000000000       0.21170625800328363        9.0635835185005225E-004   3.9200000000002046E-003   1.7037095593516554E-004
  0.17382812500000000       0.20953449908122346        9.1574086535653964E-004   3.9200000000002054E-003   1.7037095593516535E-004
  0.17187500000000000       0.20764811751736617        9.3846578367864691E-004   3.9200000000002063E-003   1.7037095593516524E-004
  0.16992187500000000       0.20583843947823702        9.7067694983561192E-004   3.9200000000002080E-003   1.7037095593516507E-004
  0.16796875000000000       0.20403163370790595        9.2939027972810330E-004   3.9200000000002063E-003   1.7037095593516516E-004
  0.16601562500000000       0.20193307268661012        9.4210747164669606E-004   3.9200000000002089E-003   1.7037095593516472E-004
  0.16406250000000000       0.19939304100463176        9.1159680861341264E-004   3.9200000000002063E-003   1.7037095593516540E-004
  0.16210937500000000       0.19764405925520412        8.8319760390601564E-004   3.9200000000002063E-003   1.7037095593516548E-004
  0.16015625000000000       0.19554549435211779        8.6844247889736933E-004   3.9200000000002054E-003   1.7037095593516559E-004
  0.15820312500000000       0.19359101911251930        8.7076236294499987E-004   3.9000000000002063E-003   1.6907353011591771E-004
  0.15625000000000000       0.19080333577345901        9.0068718856885417E-004   3.9000000000002076E-003   1.6907353011591758E-004
  0.15429687500000000       0.18862861116460650        8.7402505398055338E-004   3.9000000000002093E-003   1.6907353011591706E-004
  0.15234375000000000       0.18612286024480723        8.8023693807137758E-004   3.9000000000002067E-003   1.6907353011591777E-004
  0.15039062500000000       0.18437244511231454        8.6853317038564461E-004   3.9000000000002067E-003   1.6907353011591752E-004
  0.14843750000000000       0.18262581930999380        8.8292307538695544E-004   3.9000000000002076E-003   1.6907353011591752E-004
  0.14648437500000000       0.18056677123994475        8.4804542365451182E-004   3.9000000000002084E-003   1.6907353011591731E-004
  0.14453125000000000       0.17873428033965674        8.3506746525918545E-004   3.9000000000002106E-003   1.6907353011591687E-004
  0.14257812500000000       0.17673515647628441        8.4493192258894615E-004   3.9000000000002063E-003   1.6907353011591744E-004
  0.14062500000000000       0.17461789935757821        8.8402373721137089E-004   3.9000000000002071E-003   1.6907353011591744E-004
  0.13867187500000000       0.17242406297140661        8.7351782986171112E-004   3.9000000000002067E-003   1.6907353011591744E-004
  0.13671875000000000       0.17002476608824652        8.8279812158857196E-004   3.9000000000002076E-003   1.6907353011591758E-004
  0.13476562500000000       0.16832891587521126        8.7109112000983871E-004   3.9000000000002084E-003   1.6907353011591763E-004
  0.13281250000000000       0.16639522337550730        8.3660506938226169E-004   3.9000000000002076E-003   1.6907353011591758E-004
  0.13085937500000000       0.16439367138045213        8.2161737760824487E-004   3.9000000000002076E-003   1.6907353011591763E-004
  0.12890625000000000       0.16238969311524493        8.2379843462568878E-004   3.9000000000002076E-003   1.6907353011591739E-004
  0.12695312500000000       0.16053330739197108        7.9166020407776924E-004   3.9000000000002089E-003   1.6907353011591712E-004
  0.12500000000000000       0.15880860104858877        7.9675621270203375E-004   3.9000000000002084E-003   1.6907353011591731E-004
  0.12304687500000000       0.15671352026271432        7.9537651011874389E-004   3.8800000000002101E-003   1.6774198561294389E-004
  0.12109375000000000       0.15469742604306103        7.7798579884220671E-004   3.8800000000002101E-003   1.6774198561294408E-004
  0.11914062500000000       0.15305413768077586        8.0648725733197121E-004   3.8800000000002079E-003   1.6774198561294389E-004
  0.11718750000000000       0.15099833786296016        8.2028233567320969E-004   3.8800000000002071E-003   1.6774198561294451E-004
  0.11523437500000000       0.14894425031965386        8.1065455578563611E-004   3.8800000000002066E-003   1.6774198561294435E-004
  0.11328125000000000       0.14682609558997234        7.8791392937250138E-004   3.8800000000002062E-003   1.6774198561294435E-004
  0.11132812500000000       0.14485915607749905        7.9095281352476365E-004   3.8800000000002062E-003   1.6774198561294429E-004
  0.10937500000000000       0.14335542878093313        7.7044380470988206E-004   3.8800000000002079E-003   1.6774198561294416E-004
  0.10742187500000000       0.14146727328249639        7.8717270577832819E-004   3.8800000000002053E-003   1.6774198561294454E-004
  0.10546875000000000       0.13945580052560241        7.9979183419171364E-004   3.8800000000002088E-003   1.6774198561294383E-004
  0.10351562500000000       0.13789693101268669        7.8932662774908147E-004   3.8800000000002071E-003   1.6774198561294454E-004
  0.10156250000000000       0.13578245333820863        7.4783617597517864E-004   3.8800000000002092E-003   1.6774198561294435E-004
   9.9609375000000000E-002  0.13371500814441573        7.2773152882496333E-004   3.8800000000002092E-003   1.6774198561294440E-004
   9.7656250000000000E-002  0.13176824924825481        7.2754277924100090E-004   3.8800000000002105E-003   1.6774198561294416E-004
   9.5703125000000000E-002  0.12991192495395457        7.2304281511493000E-004   3.8800000000002088E-003   1.6774198561294421E-004
   9.3750000000000000E-002  0.12801001271353216        7.3060856849829227E-004   3.8800000000002092E-003   1.6774198561294383E-004
   9.1796875000000000E-002  0.12613626016178203        7.4372344128367351E-004   3.8800000000002084E-003   1.6774198561294429E-004
   8.9843750000000000E-002  0.12423502044986756        7.6867974082556341E-004   3.8800000000002084E-003   1.6774198561294416E-004
   8.7890625000000000E-002  0.12243996418057300        7.4806283166830602E-004   3.8800000000002084E-003   1.6774198561294397E-004
   8.5937500000000000E-002  0.12053645649406546        7.5962941429444950E-004   3.8800000000002101E-003   1.6774198561294383E-004
   8.3984375000000000E-002  0.11869747110575514        7.6328852097598109E-004   3.8800000000002079E-003   1.6774198561294416E-004
   8.2031250000000000E-002  0.11686880330995340        7.6203792669891912E-004   3.8800000000002084E-003   1.6774198561294402E-004
   8.0078125000000000E-002  0.11505297730587548        7.5265397208906966E-004   3.8800000000002079E-003   1.6774198561294408E-004
   7.8125000000000000E-002  0.11332638434356483        7.5608417308972340E-004   3.8800000000002084E-003   1.6774198561294416E-004
   7.6171875000000000E-002  0.11134913279780688        7.6459242134812645E-004   3.8600000000002083E-003   1.6878651868229398E-004
   7.4218750000000000E-002  0.10961478632036377        7.6238505394895443E-004   3.8600000000002088E-003   1.6878651868229352E-004
   7.2265625000000000E-002  0.10782740387491778        7.5267680924822949E-004   3.8600000000002079E-003   1.6878651868229398E-004
   7.0312500000000000E-002  0.10615223883788361        7.4047038351710329E-004   3.8600000000002079E-003   1.6878651868229384E-004
   6.8359375000000000E-002  0.10411886461980803        7.4100592675765552E-004   3.8600000000002088E-003   1.6878651868229390E-004
   6.6406250000000000E-002  0.10223278659895893        7.2619673139516299E-004   3.8600000000002079E-003   1.6878651868229357E-004
   6.4453125000000000E-002  0.10035802331190156        7.1524617035091220E-004   3.8600000000002088E-003   1.6878651868229374E-004
   6.2500000000000000E-002   9.8442149755465350E-002   7.2413921511653868E-004   3.8600000000002070E-003   1.6878651868229417E-004
   6.0546875000000000E-002   9.6600874315220853E-002   7.2005603948279437E-004   3.8600000000002053E-003   1.6878651868229444E-004
   5.8593750000000000E-002   9.4768623084013029E-002   7.2631515314862372E-004   3.8600000000002061E-003   1.6878651868229412E-004
   5.6640625000000000E-002   9.2974400326269857E-002   7.1411683274252011E-004   3.8600000000002088E-003   1.6878651868229352E-004
   5.4687500000000000E-002   9.1111913096648248E-002   7.0782997548900217E-004   3.8600000000002083E-003   1.6878651868229357E-004
   5.2734375000000000E-002   8.9318894739008239E-002   7.1387793100535367E-004   3.8600000000002070E-003   1.6878651868229398E-004
   5.0781250000000000E-002   8.7697505972241754E-002   7.1253602663219335E-004   3.8600000000002061E-003   1.6878651868229412E-004
   4.8828125000000000E-002   8.5895957053467781E-002   7.1565535083817973E-004   3.8600000000002070E-003   1.6878651868229398E-004
   4.6875000000000000E-002   8.4139029542937005E-002   7.2097576120614694E-004   3.8600000000002070E-003   1.6878651868229398E-004
   4.4921875000000000E-002   8.2275476891443766E-002   7.1636296281929197E-004   3.8600000000002070E-003   1.6878651868229422E-004
   4.2968750000000000E-002   8.0619375364421195E-002   7.2354248679523106E-004   3.8600000000002083E-003   1.6878651868229366E-004
   4.1015625000000000E-002   7.8908961663714070E-002   7.1267447160584308E-004   3.8600000000002083E-003   1.6878651868229366E-004
   3.9062500000000000E-002   7.7305513679706492E-002   7.1475249322868980E-004   3.8600000000002061E-003   1.6878651868229406E-004
   3.7109375000000000E-002   7.5547250098092475E-002   7.1240222550200693E-004   3.8600000000002066E-003   1.6878651868229390E-004
   3.5156250000000000E-002   7.3885746799955368E-002   7.1590328512740763E-004   3.8600000000002070E-003   1.6878651868229390E-004
   3.3203125000000000E-002   7.2175833160913805E-002   7.1188052962795219E-004   3.8600000000002066E-003   1.6878651868229398E-004
   3.1250000000000000E-002   7.0605809393168475E-002   7.0878170759669133E-004   3.8600000000002070E-003   1.6878651868229366E-004
   2.9296875000000000E-002   6.9005701848564346E-002   7.1073002415990489E-004   3.8600000000002053E-003   1.6878651868229422E-004
   2.7343750000000000E-002   6.7352924605489625E-002   7.1323418009892209E-004   3.8600000000002066E-003   1.6878651868229417E-004
   2.5390625000000000E-002   6.5769515269810147E-002   7.1612226571735385E-004   3.8600000000002053E-003   1.6878651868229406E-004
   2.3437500000000000E-002   6.4117568100804934E-002   7.1162148925936280E-004   3.8600000000002079E-003   1.6878651868229379E-004
   2.1484375000000000E-002   6.2522740180181391E-002   7.0751884589464792E-004   3.8600000000002066E-003   1.6878651868229436E-004
   1.9531250000000000E-002   6.0884149761234310E-002   7.1124039783452165E-004   3.8600000000002083E-003   1.6878651868229390E-004
   1.7578125000000000E-002   5.9361315709603034E-002   7.1545039641414594E-004   3.8600000000002070E-003   1.6878651868229398E-004
   1.5625000000000000E-002   5.7832621204199464E-002   7.1194915289500972E-004   3.8600000000002070E-003   1.6878651868229390E-004
   1.3671875000000000E-002   5.6350252023999410E-002   6.9957776084054383E-004   3.8600000000002083E-003   1.6878651868229384E-004
   1.1718750000000000E-002   5.4916400677522577E-002   7.0239245111750179E-004   3.8600000000002088E-003   1.6878651868229366E-004
   9.7656250000000000E-003   5.3449610621578519E-002   7.0394217958941554E-004   3.8600000000002066E-003   1.6878651868229417E-004
   7.8125000000000000E-003   5.2033043561947372E-002   7.0394521152039027E-004   3.8600000000002070E-003   1.6878651868229412E-004
   5.8593750000000000E-003   5.0674251141650951E-002   6.9904396592061042E-004   3.8600000000002053E-003   1.6878651868229417E-004
   3.9062500000000000E-003   4.9368459803017420E-002   6.9606537568246934E-004   3.8600000000002066E-003   1.6878651868229406E-004
   1.9531250000000000E-003   4.8088068226257080E-002   6.9597349433409071E-004   3.8600000000002066E-003   1.6878651868229366E-004
   0.0000000000000000        4.6906408595995236E-002   6.9582491563440461E-004   3.8600000000002088E-003   1.6878651868229374E-004
