   1.0000000000000000        1.5723156214669689        3.6577784069534132E-003  0.19459999999999947        1.3015918769497755E-003
  0.99218750000000000        1.5723432655624066        3.5724452302074760E-003  0.19469999999999946        1.4736404451616413E-003
  0.98437500000000000        1.5669612933607100        3.7079490989046491E-003  0.19295999999999963        1.4593425944857117E-003
  0.97656250000000000        1.5577897107973444        4.1385598763690849E-003  0.19039999999999960        1.3900076302383988E-003
  0.96875000000000000        1.5471997657500876        3.6796774737763230E-003  0.18879999999999961        1.4597633681212318E-003
  0.96093750000000000        1.5420187747676009        3.2286140841454466E-003  0.18803999999999962        1.3039117526065229E-003
  0.95312500000000000        1.5291020889779277        3.7224508352998744E-003  0.18525999999999956        1.3338347542011892E-003
  0.94531250000000000        1.5187536822995866        3.3970664882823345E-003  0.18243999999999955        1.3787946719779351E-003
  0.93750000000000000        1.5093497932663476        3.6729101710984121E-003  0.18107999999999960        1.2583201885726320E-003
  0.92968750000000000        1.5022494910694129        3.5696309094162002E-003  0.18029999999999957        1.3240205070277980E-003
  0.92187500000000000        1.4902031037109378        3.7243257755793790E-003  0.17611999999999953        1.3995150675296536E-003
  0.91406250000000000        1.4774562250860754        3.5569752184023236E-003  0.17207999999999962        1.3057510706813834E-003
  0.90625000000000000        1.4623374134923253        3.5751546481218111E-003  0.17041999999999960        1.3451882073268421E-003
  0.89843750000000000        1.4554790075418418        3.2759840282993898E-003  0.16773999999999961        1.4876338748006494E-003
  0.89062500000000000        1.4399234661963469        3.4516097662322998E-003  0.16447999999999963        1.3190507759350705E-003
  0.88281250000000000        1.4288953806025628        3.7498229288969419E-003  0.15881999999999963        1.3651047985818224E-003
  0.87500000000000000        1.4178371884406988        4.0206217523716193E-003  0.15759999999999971        1.3824294235550857E-003
  0.86718750000000000        1.4067057610485698        4.0694757264230896E-003  0.15403999999999970        1.3824235781752380E-003
  0.85937500000000000        1.3914448701209394        3.6360895521301484E-003  0.15637999999999960        1.3350579755126175E-003
  0.85156250000000000        1.3801660027297251        3.2115878996794773E-003  0.15147999999999961        1.1733126719944390E-003
  0.84375000000000000        1.3666049180660300        3.4574156648692045E-003  0.14679999999999965        1.1850925889753988E-003
  0.83593750000000000        1.3499493444353825        3.6809692007100199E-003  0.14383999999999966        1.3268569986812765E-003
  0.82812500000000000        1.3372275298820666        3.2621527476318808E-003  0.14045999999999967        1.2026418730226346E-003
  0.82031250000000000        1.3230860198134398        3.2093667455169441E-003  0.13689999999999972        1.1411052590015857E-003
  0.81250000000000000        1.3085568211092331        3.2685440091852445E-003  0.13497999999999977        1.1457413461698112E-003
  0.80468750000000000        1.2966260112890768        3.3030350424004319E-003  0.13251999999999972        1.1468428335427625E-003
  0.79687500000000000        1.2814477380688669        3.7670481053677465E-003  0.12873999999999977        1.2771986390675888E-003
  0.78906250000000000        1.2693126638070129        3.9166341659967376E-003  0.12633999999999976        1.4508945342425251E-003
  0.78125000000000000        1.2527121026190158        4.1139984939503318E-003  0.12161999999999978        1.3572684987789665E-003
  0.77343750000000000        1.2437273501316712        3.8424035584763857E-003  0.12161999999999985        1.3210632387617948E-003
  0.76562500000000000        1.2319804130732230        3.2604506360586817E-003  0.11783999999999983        1.2448455342090644E-003
  0.75781250000000000        1.2193131248647677        3.2958047913197721E-003  0.11597999999999979        1.0144391892502919E-003
  0.75000000000000000        1.2005431387629892        3.2503104822040282E-003  0.11103999999999978        1.0664696787802846E-003
  0.74218750000000000        1.1870498574402679        3.0361333335208142E-003  0.10905999999999981        1.1240097774476755E-003
  0.73437500000000000        1.1725798317170872        2.8939580159921849E-003  0.10575999999999981        1.0348590886364024E-003
  0.72656250000000000        1.1576911930158589        3.1882704368027307E-003  0.10295999999999983        1.1903585742764811E-003
  0.71875000000000000        1.1402316714366203        3.1782604801228833E-003   9.9079999999999835E-002   1.1171464369616748E-003
  0.71093750000000000        1.1277538876753064        3.0454420312981088E-003   9.7299999999999845E-002   1.1396880664852533E-003
  0.70312500000000000        1.1111031792894313        3.0253622478006326E-003   9.3559999999999838E-002   9.5793549054225160E-004
  0.69531250000000000        1.0974257242970678        3.2662362171730916E-003   8.9499999999999885E-002   1.1192981206221500E-003
  0.68750000000000000        1.0803382983879508        3.2407458211148529E-003   8.6679999999999910E-002   1.0922019275321783E-003
  0.67968750000000000        1.0653662611018917        3.1503504840539390E-003   8.3679999999999921E-002   1.0890529664053694E-003
  0.67187500000000000        1.0513496304342207        3.3607904583831476E-003   8.0479999999999913E-002   1.0545217691523394E-003
  0.66406250000000000        1.0338643045030627        3.3433055029250328E-003   7.7839999999999951E-002   9.6092547982544463E-004
  0.65625000000000000        1.0180128078473891        3.2765675378359643E-003   7.4619999999999923E-002   1.0125255951372637E-003
  0.64843750000000000        1.0023685508114013        3.3512612608544629E-003   7.2019999999999959E-002   1.0144391892503251E-003
  0.64062500000000000       0.98773573091195543        3.1906693495912970E-003   6.8659999999999971E-002   8.9850830364393596E-004
  0.63281250000000000       0.97096619120564887        3.1437729080576017E-003   6.6199999999999926E-002   9.1695587724170105E-004
  0.62500000000000000       0.95287080118285838        2.9860358088982949E-003   6.2019999999999999E-002   8.9510227393747139E-004
  0.61718750000000000       0.93911297035789576        3.4443931677488942E-003   5.9999999999999963E-002   9.7483487335191504E-004
  0.60937500000000000       0.92343609910219016        3.2655674712097787E-003   5.7959999999999984E-002   8.7846514449976885E-004
  0.60156250000000000       0.90886966730096252        3.2881755160452477E-003   5.6160000000000009E-002   8.1979549063448520E-004
  0.59375000000000000       0.89648430934656131        3.2014715001486269E-003   5.3839999999999978E-002   8.1534772900397243E-004
  0.58593750000000000       0.88145511590385550        3.1404012198839445E-003   5.0940000000000006E-002   7.7769667686839535E-004
  0.57812500000000000       0.86532162750232589        3.0464607890490032E-003   4.8979999999999996E-002   8.1227700902706970E-004
  0.57031250000000000       0.84855226488100699        2.9619643119210377E-003   4.5900000000000024E-002   7.4093852578328075E-004
  0.56250000000000000       0.83237145223024112        2.7974969104651200E-003   4.4000000000000032E-002   7.9645680004846332E-004
  0.55468750000000000       0.81804775835742116        2.7169081082102282E-003   4.2280000000000040E-002   7.0783208646278456E-004
  0.54687500000000000       0.80374867500439251        2.6834777506158582E-003   4.0080000000000081E-002   6.9277366688935552E-004
  0.53906250000000000       0.78740694686158752        2.7827526499430814E-003   3.8160000000000083E-002   6.0481569110101016E-004
  0.53125000000000000       0.77477710464980865        2.6151488982142832E-003   3.6420000000000077E-002   6.4278120442936443E-004
  0.52343750000000000       0.75765091939489893        2.4772870999581970E-003   3.5280000000000075E-002   6.1923380483504687E-004
  0.51562500000000000       0.74306872787728351        2.6043327420231170E-003   3.3740000000000082E-002   6.6645754295801879E-004
  0.50781250000000000       0.72895305247986608        2.4380544565920335E-003   3.2000000000000063E-002   6.0369234254249325E-004
  0.50000000000000000       0.71562310008447672        2.5617479209527035E-003   3.0640000000000070E-002   6.0494928412523161E-004
  0.49218750000000000       0.70179375572784108        2.4777158577154144E-003   2.9720000000000069E-002   5.7350244158594970E-004
  0.48437500000000000       0.69015304490439466        2.3718567368600342E-003   2.7820000000000067E-002   5.2036894448442503E-004
  0.47656250000000000       0.67700342626292198        2.2526277232586909E-003   2.6280000000000067E-002   5.4976211568130500E-004
  0.46875000000000000       0.66517185536351686        2.2739764553816799E-003   2.5480000000000062E-002   5.7322056678195442E-004
  0.46093750000000000       0.65278184726368227        2.3199904764750041E-003   2.4400000000000067E-002   5.3257521875916050E-004
  0.45312500000000000       0.64141275731215497        2.1189830283426308E-003   2.4000000000000066E-002   5.1089147674443242E-004
  0.44531250000000000       0.62773810342987357        2.0991150418080921E-003   2.2960000000000064E-002   4.6491445938522834E-004
  0.43750000000000000       0.61689296381680758        2.0625106682097354E-003   2.1720000000000045E-002   4.4223491175135769E-004
  0.42968750000000000       0.60359245192821087        2.0456824639540011E-003   2.1060000000000051E-002   4.3060211543627337E-004
  0.42187500000000000       0.59219372724645414        2.1106099273161139E-003   1.9940000000000048E-002   3.9742097874098951E-004
  0.41406250000000000       0.58239435247348770        2.1322190420434285E-003   1.9560000000000057E-002   3.7667337081726302E-004
  0.40625000000000000       0.56953894724063214        2.1338871694382418E-003   1.9140000000000056E-002   4.0825323889801484E-004
  0.39843750000000000       0.55776685204520382        2.1619104039204300E-003   1.8360000000000064E-002   4.0038365439547962E-004
  0.39062500000000000       0.54538035006413921        1.9907148828132454E-003   1.7960000000000063E-002   3.8974739293937469E-004
  0.38281250000000000       0.53340769295000579        1.9795964441350821E-003   1.7420000000000074E-002   3.5765227738007596E-004
  0.37500000000000000       0.52211160718374350        2.0838388482615150E-003   1.7040000000000072E-002   3.6011221595609849E-004
  0.36718750000000000       0.51087683249625337        2.0697273233283042E-003   1.6660000000000074E-002   3.6631387987061522E-004
  0.35937500000000000       0.50118541674056349        1.9872663584069436E-003   1.6360000000000076E-002   3.6112059039617773E-004
  0.35156250000000000       0.49083787370407511        1.7208679199158129E-003   1.5840000000000083E-002   3.4894357160093683E-004
  0.34375000000000000       0.47986277787658871        1.7037565019881195E-003   1.5320000000000089E-002   3.4491398429993759E-004
  0.33593750000000000       0.47101780589318937        1.7335496004343021E-003   1.5120000000000092E-002   3.4031476813994166E-004
  0.32812500000000000       0.46034227174836717        1.6887572251918256E-003   1.4940000000000087E-002   3.3809328698906920E-004
  0.32031250000000000       0.45015440320726002        1.6406584405000535E-003   1.4580000000000095E-002   3.3550203600219336E-004
  0.31250000000000000       0.44105316088586483        1.7517920102988189E-003   1.4380000000000098E-002   3.3235614340734916E-004
  0.30468750000000000       0.43059197761212081        1.6373572676943299E-003   1.4080000000000099E-002   3.2896532008432468E-004
  0.29687500000000000       0.42122206623247704        1.6446165288730701E-003   1.3920000000000104E-002   3.3384203607470371E-004
  0.28906250000000000       0.41150111888371099        1.6313923148651062E-003   1.3740000000000101E-002   3.3352115920337486E-004
  0.28125000000000000       0.40209272651522676        1.4878642561390876E-003   1.3680000000000107E-002   3.3721377687326163E-004
  0.27343750000000000       0.39362801881849763        1.4855800161510029E-003   1.3580000000000106E-002   3.2696337792641124E-004
  0.26562500000000000       0.38553152325149503        1.4601123542552523E-003   1.3440000000000108E-002   3.2421466887719731E-004
  0.25781250000000000       0.37608909563815140        1.4748712058625839E-003   1.3280000000000111E-002   3.2600427585966792E-004
  0.25000000000000000       0.36713215828553686        1.4057427434582929E-003   1.3160000000000106E-002   3.2805518136466434E-004
  0.24218750000000000       0.35865574858054394        1.3781503230919578E-003   1.3120000000000111E-002   3.2822756333576421E-004
  0.23437500000000000       0.34934640182627791        1.3707532112179808E-003   1.2980000000000111E-002   3.2097704376833917E-004
  0.22656250000000000       0.34125597228160165        1.4752465731303599E-003   1.2920000000000112E-002   3.2339112260824004E-004
  0.21875000000000000       0.33217313923206815        1.4384025633162403E-003   1.2860000000000111E-002   3.2318490813849205E-004
  0.21093750000000000       0.32335490246101678        1.4989069997979943E-003   1.2800000000000112E-002   3.2286595398465969E-004
  0.20312500000000000       0.31542834513311291        1.4527294732528790E-003   1.2720000000000115E-002   3.1974737502969892E-004
  0.19531250000000000       0.30847121785355913        1.4464361344113173E-003   1.2640000000000111E-002   3.1382939455839687E-004
  0.18750000000000000       0.30033582992850399        1.3999081682373230E-003   1.2540000000000115E-002   3.1379720659796442E-004
  0.17968750000000000       0.29245743867620178        1.4290423896887703E-003   1.2480000000000116E-002   3.1155523854794380E-004
  0.17187500000000000       0.28366074935433455        1.4406814464431868E-003   1.2400000000000118E-002   3.0616559855309165E-004
  0.16406250000000000       0.27519633431328488        1.3972046600551581E-003   1.2320000000000114E-002   3.0447172332259470E-004
  0.15625000000000000       0.26705447270497523        1.4202696414938848E-003   1.2280000000000115E-002   2.9681133687406474E-004
  0.14843750000000000       0.25879281906228035        1.3548433531374038E-003   1.2220000000000118E-002   3.0069952115060236E-004
  0.14062500000000000       0.25072732893384214        1.3298489867985288E-003   1.2120000000000117E-002   3.0193985620927355E-004
  0.13281250000000000       0.24318367328857107        1.3868528527323459E-003   1.2080000000000120E-002   3.0340824915708008E-004
  0.12500000000000000       0.23539379927196805        1.3653969505099321E-003   1.2020000000000117E-002   3.0016157265207887E-004
  0.11718750000000000       0.22770834924051786        1.3205453696704644E-003   1.1920000000000120E-002   2.9531014342226773E-004
  0.10937500000000000       0.22034001261643998        1.3018605109164020E-003   1.1900000000000119E-002   2.9318866956210216E-004
  0.10156250000000000       0.21274765383178143        1.2825309469047933E-003   1.1820000000000122E-002   2.9002960489779366E-004
   9.3750000000000000E-002  0.20554238500941022        1.2230165803703964E-003   1.1760000000000125E-002   2.8608114975024664E-004
   8.5937500000000000E-002  0.19827244369997477        1.2206933223804621E-003   1.1700000000000115E-002   2.8194848730743319E-004
   7.8125000000000000E-002  0.19117518877473244        1.1948301349725787E-003   1.1700000000000113E-002   2.8194848730743471E-004
   7.0312500000000000E-002  0.18414920405110557        1.2012860556561958E-003   1.1660000000000115E-002   2.8148954445301176E-004
   6.2500000000000000E-002  0.17707272342714700        1.1834560833318881E-003   1.1640000000000119E-002   2.8338502202316621E-004
   5.4687500000000000E-002  0.17031050149473306        1.1568703394386167E-003   1.1620000000000123E-002   2.8666666666666326E-004
   4.6875000000000000E-002  0.16366631426417186        1.1546596188641910E-003   1.1560000000000121E-002   2.8931126853444446E-004
   3.9062500000000000E-002  0.15711199740392273        1.1632331442868187E-003   1.1520000000000119E-002   2.8585508796089449E-004
   3.1250000000000000E-002  0.15079461879220310        1.1708856451014662E-003   1.1480000000000117E-002   2.8936712552280885E-004
   2.3437500000000000E-002  0.14466807328152081        1.1674118980505130E-003   1.1480000000000117E-002   2.8936712552280944E-004
   1.5625000000000000E-002  0.13879400966379787        1.1600857469685236E-003   1.1440000000000124E-002   2.8720878971383757E-004
   7.8125000000000000E-003  0.13310394210424362        1.1565761116487864E-003   1.1440000000000122E-002   2.8720878971383936E-004
   0.0000000000000000       0.13310394210424362        1.1565761116487864E-003   1.1440000000000122E-002   2.8720878971383936E-004
