   1.0000000000000000        1.5744352068958378        1.7786657166204180E-003  0.19481933593750081        7.0549032953123468E-004
  0.99218750000000000        1.5694191766426613        1.8728698560497106E-003  0.19446289062500088        6.7596342930170412E-004
  0.98437500000000000        1.5639527965993070        1.7554571925409493E-003  0.19337890625000093        7.0577786753345381E-004
  0.97656250000000000        1.5554502163882551        1.7683308249366407E-003  0.19104492187500102        7.3779855206130510E-004
  0.96875000000000000        1.5476907190558891        1.7786818143471692E-003  0.18933593750000116        7.1557796441989725E-004
  0.96093750000000000        1.5381067458897315        1.6955711295221266E-003  0.18833496093750127        6.4934879188471124E-004
  0.95312500000000000        1.5278288037119727        1.7047905475923507E-003  0.18489746093750140        7.3640786556747198E-004
  0.94531250000000000        1.5181924276355878        1.7640760868470752E-003  0.18312011718750143        7.0559136513617616E-004
  0.93750000000000000        1.5080186030694178        2.0006771937786873E-003  0.17965332031250159        7.8181252312820861E-004
  0.92968750000000000        1.4977135425062025        1.9570187166275369E-003  0.17724121093750159        5.9771764868885675E-004
  0.92187500000000000        1.4869403484312311        1.9569977653889599E-003  0.17547851562500177        7.0700043030388503E-004
  0.91406250000000000        1.4756972071831658        1.8885050079616478E-003  0.17264160156250186        6.7886562565281402E-004
  0.90625000000000000        1.4630008325499446        1.6858700218088090E-003  0.16966796875000198        5.9908537591645103E-004
  0.89843750000000000        1.4504403961297918        1.7841015845447439E-003  0.16726074218750195        6.3657938683836404E-004
  0.89062500000000000        1.4392644770775092        1.7765921610367265E-003  0.16492675781250196        5.9986372758503634E-004
  0.88281250000000000        1.4270893000343494        1.6462498071605461E-003  0.16196777343750199        6.2608624477902667E-004
  0.87500000000000000        1.4137790126397711        1.7702631704812118E-003  0.15939453125000203        6.4275173064959475E-004
  0.86718750000000000        1.4023940026307682        1.7013486503885881E-003  0.15658203125000197        7.1472801067072058E-004
  0.85937500000000000        1.3898414231434983        1.8755594709498735E-003  0.15303710937500195        6.1814605566433271E-004
  0.85156250000000000        1.3772226594971715        1.6743293053134861E-003  0.14956542968750189        6.3946016040807561E-004
  0.84375000000000000        1.3622574945765924        1.7485593813487202E-003  0.14617675781250189        7.0648503681004847E-004
  0.83593750000000000        1.3503451628515089        1.8135311263776435E-003  0.14368164062500183        6.8160461523229527E-004
  0.82812500000000000        1.3380570700356664        1.8050640209964573E-003  0.14192871093750178        5.9003554126279981E-004
  0.82031250000000000        1.3253506095228189        1.9030514010156779E-003  0.13976074218750176        5.6709186934406736E-004
  0.81250000000000000        1.3128751585456067        1.7752792188772519E-003  0.13587890625000174        6.5744952601781779E-004
  0.80468750000000000        1.2988165041066997        1.5906448810382224E-003  0.13290527343750166        5.7635220404733439E-004
  0.79687500000000000        1.2851327213761312        1.6225340782699941E-003  0.12936523437500158        5.8736689732419767E-004
  0.78906250000000000        1.2703617675179668        1.6506691250866997E-003  0.12660644531250148        5.8136959558760916E-004
  0.78125000000000000        1.2578553360629889        1.4814772458894923E-003  0.12416015625000140        6.3277371153613621E-004
  0.77343750000000000        1.2443990869574824        1.5327948673714514E-003  0.12122070312500123        5.2683842084362315E-004
  0.76562500000000000        1.2305152682671732        1.6354837194380960E-003  0.11797363281250116        5.2235214265953698E-004
  0.75781250000000000        1.2154818795381441        1.4994136461142656E-003  0.11490722656250094        5.7200524841468444E-004
  0.75000000000000000        1.1999338516522762        1.4517637917625080E-003  0.11114257812500079        5.4358435002879030E-004
  0.74218750000000000        1.1850401703247249        1.5031407066117023E-003  0.10824707031250071        5.9291174862349816E-004
  0.73437500000000000        1.1712930493834974        1.5645819699046774E-003  0.10566894531250057        5.3560948138026664E-004
  0.72656250000000000        1.1556589729899185        1.6028830150558455E-003  0.10248046875000050        5.4652259117895217E-004
  0.71875000000000000        1.1394251231163515        1.5170664039694853E-003   9.9140625000000371E-002   5.5425163377314179E-004
  0.71093750000000000        1.1247302575388236        1.6342363759743908E-003   9.5673828125000207E-002   5.6201407768500416E-004
  0.70312500000000000        1.1082662336895899        1.5748297083449905E-003   9.2768554687500157E-002   5.6597133243289097E-004
  0.69531250000000000        1.0951622605441971        1.5889011587689901E-003   8.9677734375000068E-002   5.3119048466904260E-004
  0.68750000000000000        1.0803302732260582        1.4857879167317432E-003   8.6640625000000041E-002   4.9515365670864462E-004
  0.67968750000000000        1.0659267757781155        1.5540852752784508E-003   8.3769531249999987E-002   5.0162865076370481E-004
  0.67187500000000000        1.0506598810754060        1.4859803154462137E-003   8.0722656249999969E-002   5.0088684347025716E-004
  0.66406250000000000        1.0346620161811269        1.5217737478037667E-003   7.7812499999999951E-002   4.7758566838599265E-004
  0.65625000000000000        1.0192058684874370        1.4290529441509966E-003   7.5522460937499938E-002   4.5978305307886917E-004
  0.64843750000000000        1.0041214050783258        1.5028328969388738E-003   7.2875976562499944E-002   4.3387593397169676E-004
  0.64062500000000000       0.98824768794567708        1.5006351736906634E-003   7.0009765624999942E-002   4.4777431470713103E-004
  0.63281250000000000       0.97385773516290808        1.4977761600700281E-003   6.7602539062499939E-002   4.0890103888551550E-004
  0.62500000000000000       0.95898903742541475        1.5548856846326509E-003   6.4736328124999937E-002   4.2855947513608078E-004
  0.61718750000000000       0.94236538396045444        1.5666619893464899E-003   6.1748046874999934E-002   4.3818648124260726E-004
  0.60937500000000000       0.92554013407767344        1.6568509637388405E-003   5.9360351562499941E-002   4.3220086204230678E-004
  0.60156250000000000       0.90992824119403626        1.7050593131885936E-003   5.6621093749999934E-002   4.2453616983390951E-004
  0.59375000000000000       0.89483402648911325        1.6910863276107155E-003   5.3837890624999940E-002   4.1840508523230331E-004
  0.58593750000000000       0.87867028665391378        1.5609250612553063E-003   5.1650390624999945E-002   3.8731756555239173E-004
  0.57812500000000000       0.86342189278268722        1.5344909050532005E-003   4.9736328124999944E-002   4.0372338766498283E-004
  0.57031250000000000       0.84805236246665472        1.5181287014295320E-003   4.7221679687499962E-002   4.0224580170142050E-004
  0.56250000000000000       0.83186786117799261        1.5402981539344573E-003   4.4829101562499966E-002   3.9152992316040272E-004
  0.55468750000000000       0.81583423767172503        1.5008576243368086E-003   4.2749023437499971E-002   3.7938922774079047E-004
  0.54687500000000000       0.80276348040543977        1.4496108338572780E-003   4.0595703124999973E-002   3.8019105358132421E-004
  0.53906250000000000       0.78850802866789937        1.3994733021557542E-003   3.8769531249999975E-002   3.3999542178843523E-004
  0.53125000000000000       0.77309225294781014        1.1685620907413684E-003   3.6977539062499974E-002   3.3763952029422343E-004
  0.52343750000000000       0.75933800618728453        1.1449463848510898E-003   3.5561523437499971E-002   3.2854412516353254E-004
  0.51562500000000000       0.74528728263316135        1.2448440902409551E-003   3.3833007812499975E-002   3.2443110389617955E-004
  0.50781250000000000       0.73143263737000908        1.2922316682851009E-003   3.2109374999999975E-002   3.1045882858244349E-004
  0.50000000000000000       0.71739148237808481        1.2494711843811469E-003   3.0664062499999988E-002   3.0834791944087797E-004
  0.49218750000000000       0.70421908140304634        1.1822291883654026E-003   2.9580078124999985E-002   2.8294789962325054E-004
  0.48437500000000000       0.69105040033094001        1.3094727712460795E-003   2.8398437499999988E-002   2.7356077555739728E-004
  0.47656250000000000       0.67843917674962440        1.1544853812026955E-003   2.7368164062499992E-002   2.6375908627740787E-004
  0.46875000000000000       0.66541366897506304        1.1143180100576034E-003   2.5888671874999991E-002   2.3910527034648466E-004
  0.46093750000000000       0.65238965444808972        1.0608612223898840E-003   2.4980468749999991E-002   2.2941504435615927E-004
  0.45312500000000000       0.64083799503363981        1.0666125554794088E-003   2.3852539062499997E-002   2.4025023349227731E-004
  0.44531250000000000       0.62740303875108361        1.0658801462005297E-003   2.2978515624999994E-002   2.2868957459246233E-004
  0.43750000000000000       0.61452499211564526        1.1135898006335097E-003   2.2207031249999995E-002   2.3985948090253371E-004
  0.42968750000000000       0.60278228722383953        1.0867231642613202E-003   2.1196289062499995E-002   2.2414516750252788E-004
  0.42187500000000000       0.59070991549878493        1.0389994719477379E-003   2.0532226562499995E-002   2.1685816254101266E-004
  0.41406250000000000       0.57922618100174550        1.0418039320162927E-003   1.9853515624999998E-002   2.1030075034695340E-004
  0.40625000000000000       0.56782181031355394        9.4797968764827897E-004   1.9213867187499997E-002   1.8614231838888544E-004
  0.39843750000000000       0.55659278805678969        9.8423397027420185E-004   1.8662109374999999E-002   1.9953077741063967E-004
  0.39062500000000000       0.54518010914308146        9.2074750496207950E-004   1.8095703125000001E-002   1.9105151223220131E-004
  0.38281250000000000       0.53455795195363742        8.9095079275633394E-004   1.7631835937500000E-002   1.9381416578327155E-004
  0.37500000000000000       0.52335593059771601        8.5224917480363686E-004   1.7231445312500000E-002   1.8431167703759761E-004
  0.36718750000000000       0.51269463942989468        8.3857418236442187E-004   1.6767578125000002E-002   1.7157982735520964E-004
  0.35937500000000000       0.50177144693970721        8.2888598056940000E-004   1.6367187500000002E-002   1.7997290821610213E-004
  0.35156250000000000       0.49151311011230803        8.3718941122937879E-004   1.6059570312500000E-002   1.6955727125940359E-004
  0.34375000000000000       0.48097628862727970        8.2239323867362387E-004   1.5688476562500001E-002   1.6895397914873101E-004
  0.33593750000000000       0.47153893375576234        9.1409685086091502E-004   1.5380859375000002E-002   1.6562058428546526E-004
  0.32812500000000000       0.46177338459992606        8.6185675254474693E-004   1.5122070312500003E-002   1.6238341161612188E-004
  0.32031250000000000       0.45180727759003447        8.8189650203309117E-004   1.4936523437500005E-002   1.5842579722905742E-004
  0.31250000000000000       0.44146244210365965        8.5218919901907286E-004   1.4589843750000003E-002   1.5845391702644677E-004
  0.30468750000000000       0.43229027040588092        8.2873028281517239E-004   1.4428710937500004E-002   1.5555409833988373E-004
  0.29687500000000000       0.42324535180560879        8.3767080490283817E-004   1.4204101562500005E-002   1.5238203245973673E-004
  0.28906250000000000       0.41381086395404187        7.7123402243953697E-004   1.4023437500000005E-002   1.4902378526997993E-004
  0.28125000000000000       0.40501384303985360        7.3077963547246315E-004   1.3886718750000006E-002   1.4986819246409172E-004
  0.27343750000000000       0.39524601926663799        7.5717479349945050E-004   1.3754882812500006E-002   1.4837190759673229E-004
  0.26562500000000000       0.38661714228652772        7.6055813680546772E-004   1.3637695312500007E-002   1.4362123910427498E-004
  0.25781250000000000       0.37764010146841698        6.9579076855217205E-004   1.3491210937500006E-002   1.4435715412724023E-004
  0.25000000000000000       0.36909102822609563        6.9010091042262761E-004   1.3369140625000006E-002   1.4320562500229279E-004
  0.24218750000000000       0.36039936637081227        7.0137350934144590E-004   1.3261718750000007E-002   1.4684889934714107E-004
  0.23437500000000000       0.35138141172136611        6.9292183950764438E-004   1.3125000000000006E-002   1.4295314959113285E-004
  0.22656250000000000       0.34286308283826189        6.9458313905888130E-004   1.3022460937500006E-002   1.4308365084592898E-004
  0.21875000000000000       0.33381076891586065        6.9030485372320735E-004   1.2924804687500008E-002   1.4315095978443499E-004
  0.21093750000000000       0.32513498558598158        6.9669141094205918E-004   1.2792968750000008E-002   1.4035539224350511E-004
  0.20312500000000000       0.31657834176404909        6.5037549003774651E-004   1.2724609375000008E-002   1.3737596253912996E-004
  0.19531250000000000       0.30807694466158503        6.2839919603563930E-004   1.2646484375000011E-002   1.3304425315261060E-004
  0.18750000000000000       0.29987790480152943        6.5782198628321228E-004   1.2568359375000013E-002   1.3142703228650495E-004
  0.17968750000000000       0.29176805568807967        6.4606208980048918E-004   1.2460937500000014E-002   1.3304063285156826E-004
  0.17187500000000000       0.28341203836844986        6.5487706886435096E-004   1.2373046875000014E-002   1.3353569972864276E-004
  0.16406250000000000       0.27550390713044848        6.3040365213962851E-004   1.2333984375000013E-002   1.3522032974173559E-004
  0.15625000000000000       0.26753691873698932        6.0718418658518543E-004   1.2241210937500016E-002   1.3263725736901289E-004
  0.14843750000000000       0.25958841229859309        5.8252657248175957E-004   1.2182617187500015E-002   1.3064686303943776E-004
  0.14062500000000000       0.25202030888870314        6.0247478261173017E-004   1.2119140625000014E-002   1.3229637929487256E-004
  0.13281250000000000       0.24439177255127631        6.1297378830602912E-004   1.2075195312500016E-002   1.3292744875908227E-004
  0.12500000000000000       0.23649964122871125        6.1190033090148402E-004   1.2050781250000015E-002   1.3110780706228643E-004
  0.11718750000000000       0.22912489436149172        6.1054746271011558E-004   1.1997070312500019E-002   1.2914139546086370E-004
  0.10937500000000000       0.22149086881856073        6.1706534597518738E-004   1.1962890625000017E-002   1.3048547092959763E-004
  0.10156250000000000       0.21416490966209459        5.9916177687872549E-004   1.1948242187500019E-002   1.2880528854224786E-004
   9.3750000000000000E-002  0.20689938643070691        5.7584420448062888E-004   1.1928710937500017E-002   1.2895477754648884E-004
   8.5937500000000000E-002  0.19975294484970038        5.5463920628960779E-004   1.1884765625000021E-002   1.2819901476247250E-004
   7.8125000000000000E-002  0.19252998622230791        5.5651550627391238E-004   1.1850585937500017E-002   1.2831824654238223E-004
   7.0312500000000000E-002  0.18568735370111533        5.3418129633460020E-004   1.1811523437500018E-002   1.2753511068928206E-004
   6.2500000000000000E-002  0.17857723256001684        5.3539941257255196E-004   1.1767578125000020E-002   1.2711994915213273E-004
   5.4687500000000000E-002  0.17170448849069417        5.4219023214509808E-004   1.1748046875000020E-002   1.2831167759708468E-004
   4.6875000000000000E-002  0.16509848969367244        5.3606082099205417E-004   1.1718750000000017E-002   1.2909383351792503E-004
   3.9062500000000000E-002  0.15865892628241551        5.3347946540217535E-004   1.1684570312500021E-002   1.3025548832457058E-004
   3.1250000000000000E-002  0.15225910106844145        5.3246686466037357E-004   1.1660156250000020E-002   1.2821028550097038E-004
   2.3437500000000000E-002  0.14601613839815508        5.2683254121640988E-004   1.1640625000000017E-002   1.2885482598402748E-004
   1.5625000000000000E-002  0.14001732384398966        5.1756540595963125E-004   1.1635742187500018E-002   1.2835577692342186E-004
   7.8125000000000000E-003  0.13432840775152721        5.1441613895606580E-004   1.1616210937500017E-002   1.2764835948901571E-004
   0.0000000000000000       0.13432840775152721        5.1441613895606580E-004   1.1616210937500017E-002   1.2764835948901571E-004
