   1.0000000000000000        1.5731912975249551        1.5602658484159574E-003  0.19438964843750089        6.6211489634843579E-004
  0.99804687500000000        1.5740826066820235        1.6641560079928743E-003  0.19436523437500081        6.8009070989940364E-004
  0.99609375000000000        1.5761744081783868        1.8142994642512810E-003  0.19455566406250088        6.5529560600124687E-004
  0.99414062500000000        1.5727292309036138        1.8639023653286505E-003  0.19481445312500092        7.3745116712365451E-004
  0.99218750000000000        1.5695283957108987        1.8416156821745057E-003  0.19470703125000083        7.1146022241809080E-004
  0.99023437500000000        1.5657727432598898        1.8423857446812600E-003  0.19316406250000098        6.6426120625217796E-004
  0.98828125000000000        1.5643105299896412        1.7993709829826753E-003  0.19242187500000102        7.7445976890870355E-004
  0.98632812500000000        1.5640128573926160        1.8808955934843999E-003  0.19177734375000108        7.0150649332983387E-004
  0.98437500000000000        1.5609637764805402        1.6017445690013378E-003  0.19198730468750103        7.0378829889370179E-004
  0.98242187500000000        1.5594745021357963        1.9696073171684815E-003  0.19208007812500105        6.5707212386139605E-004
  0.98046875000000000        1.5554326416216400        1.8549876870770383E-003  0.19034667968750113        6.5539409093632000E-004
  0.97851562500000000        1.5520851026461344        1.6326552121318269E-003  0.19029296875000110        6.8665468426039452E-004
  0.97656250000000000        1.5510103351586471        1.8286427048304576E-003  0.18950195312500115        6.5779449453635128E-004
  0.97460937500000000        1.5483134182171741        1.9085388286232817E-003  0.18832031250000120        7.3813337555933447E-004
  0.97265625000000000        1.5444201608373660        1.7566699128552204E-003  0.18866699218750121        6.4202350030934043E-004
  0.97070312500000000        1.5410493332152020        1.8314733701338425E-003  0.18813476562500125        6.4567434194110678E-004
  0.96875000000000000        1.5368530008933892        1.9115098079856598E-003  0.18664550781250125        7.4016955819767184E-004
  0.96679687500000000        1.5341789909518986        1.7384091111754996E-003  0.18604003906250127        6.6311801375360446E-004
  0.96484375000000000        1.5315432637497621        1.8667887255727333E-003  0.18534179687500135        6.9723865662044604E-004
  0.96289062500000000        1.5295502452464687        1.7533352765520503E-003  0.18449707031250134        6.8187856246263074E-004
  0.96093750000000000        1.5265373793767565        1.8812810402952965E-003  0.18473632812500135        7.1460467671585672E-004
  0.95898437500000000        1.5231186093543994        1.9305772322253099E-003  0.18362792968750138        8.0575014605525734E-004
  0.95703125000000000        1.5195405295309115        2.0422562827429993E-003  0.18249511718750150        6.8219635169910098E-004
  0.95507812500000000        1.5169978609439660        1.9547147808973431E-003  0.18179687500000152        6.4130983966237290E-004
  0.95312500000000000        1.5133489560071132        1.9733339387643547E-003  0.18119628906250151        6.8728622461666539E-004
  0.95117187500000000        1.5081867108426490        1.7966295238996707E-003  0.18026855468750150        6.4676235496819844E-004
  0.94921875000000000        1.5048111094575518        1.6550599960386946E-003  0.17884277343750171        7.5932908181527352E-004
  0.94726562500000000        1.5031583374157962        1.6842802946114570E-003  0.17826171875000160        6.7518131605181293E-004
  0.94531250000000000        1.4980301219824310        1.7858771467335860E-003  0.17811523437500157        6.8467022137577987E-004
  0.94335937500000000        1.4959330411142908        1.5782615353056399E-003  0.17711914062500167        6.7745811920152856E-004
  0.94140625000000000        1.4939298214755083        1.7537988287989379E-003  0.17582031250000177        6.4444904252641290E-004
  0.93945312500000000        1.4892750691894050        1.8162622774171087E-003  0.17524902343750171        6.4097985746584634E-004
  0.93750000000000000        1.4890795437659883        2.0085410382151706E-003  0.17517578125000174        7.4802598718583962E-004
  0.93554687500000000        1.4861925553193525        2.0144400593589745E-003  0.17551757812500163        7.1928051789334289E-004
  0.93359375000000000        1.4853540644325702        1.8407517242917302E-003  0.17527343750000177        6.4284914032203895E-004
  0.93164062500000000        1.4830949375128442        1.8894123742070694E-003  0.17430664062500173        6.5517082491083197E-004
  0.92968750000000000        1.4789335147713536        1.6928447717163490E-003  0.17324707031250189        7.6630117753689994E-004
  0.92773437500000000        1.4758392544832792        1.7182285098602881E-003  0.17264648437500185        6.7248295454010979E-004
  0.92578125000000000        1.4715132041299899        1.9174685327142528E-003  0.17128417968750184        7.0691577822761518E-004
  0.92382812500000000        1.4701601731914815        1.8408524465517897E-003  0.17088867187500195        7.0177627488266750E-004
  0.92187500000000000        1.4663032609747129        1.6904695495172488E-003  0.17027343750000187        7.1722381419950698E-004
  0.91992187500000000        1.4646663414671786        1.5780571777277090E-003  0.16952636718750191        6.5651900304283838E-004
  0.91796875000000000        1.4612522971174595        1.7848599797696430E-003  0.16866699218750195        6.4856800271673545E-004
  0.91601562500000000        1.4569880602138428        1.6861979211363707E-003  0.16798339843750185        6.0968358334026126E-004
  0.91406250000000000        1.4554614626996005        1.7297875335673418E-003  0.16783203125000187        6.9196516645223731E-004
  0.91210937500000000        1.4509209729683858        1.8647138829722264E-003  0.16613769531250194        6.9797034986686401E-004
  0.91015625000000000        1.4480754194961833        1.7157482790054219E-003  0.16393554687500200        6.7371517681724408E-004
  0.90820312500000000        1.4461243854133443        1.8390024761661065E-003  0.16509765625000195        6.5212386381439025E-004
  0.90625000000000000        1.4428670626344751        1.8007867580451711E-003  0.16467773437500191        7.3773326662483622E-004
  0.90429687500000000        1.4386389158976809        1.8224579186494109E-003  0.16352050781250202        7.3197439376443993E-004
  0.90234375000000000        1.4357765014386035        1.9221656708922382E-003  0.16226074218750203        6.6945057540069176E-004
  0.90039062500000000        1.4335039280754891        1.8312956682597250E-003  0.16151855468750195        7.3369638031659391E-004
  0.89843750000000000        1.4299398174024767        1.9716096596293256E-003  0.16119140625000195        7.2474605267669706E-004
  0.89648437500000000        1.4288822679294255        1.9017236311815980E-003  0.16120605468750196        6.3661721710742808E-004
  0.89453125000000000        1.4266308026476426        1.6452654263124362E-003  0.16017578125000204        6.5059466188482787E-004
  0.89257812500000000        1.4207493838622209        1.7526774992816633E-003  0.15910644531250201        6.6539772963281518E-004
  0.89062500000000000        1.4134989183775521        1.8665720109954005E-003  0.15822753906250198        6.9079112458399412E-004
  0.88867187500000000        1.4106659690167271        1.8679001902811854E-003  0.15712890625000200        6.3837856438867901E-004
  0.88671875000000000        1.4087248431403756        1.8188940650959435E-003  0.15593750000000198        6.8128301508529215E-004
  0.88476562500000000        1.4066863367942537        1.8073065178194191E-003  0.15616699218750202        6.2784395609934433E-004
  0.88281250000000000        1.4037363474082540        1.6524101403415817E-003  0.15547851562500198        5.9134529037587857E-004
  0.88085937500000000        1.4014851719381172        1.6327504382857884E-003  0.15490722656250194        6.7826654514020019E-004
  0.87890625000000000        1.3993268121524793        1.7064001379297020E-003  0.15434570312500198        5.8385820431535167E-004
  0.87695312500000000        1.3968237894909965        1.6505479787575438E-003  0.15333007812500196        5.7640589484399523E-004
  0.87500000000000000        1.3930087847204227        1.6751814079932602E-003  0.15358886718750195        6.8124253925872663E-004
  0.87304687500000000        1.3896087228937442        1.8375313910329947E-003  0.15213867187500199        6.3106255230413195E-004
  0.87109375000000000        1.3847725138241029        1.7265733737067608E-003  0.15146972656250193        6.3007395147790177E-004
  0.86914062500000000        1.3802558668751477        1.7667657038898800E-003  0.15009277343750194        7.8059914961319801E-004
  0.86718750000000000        1.3776096409443845        1.6608939967891578E-003  0.14850097656250191        6.2548435593704778E-004
  0.86523437500000000        1.3744821616712042        1.7208728053630256E-003  0.14874023437500189        6.5472222530378165E-004
  0.86328125000000000        1.3693471176593428        1.8455309399780530E-003  0.14810058593750189        6.0258114004656900E-004
  0.86132812500000000        1.3631515752611287        1.6970854091099905E-003  0.14591308593750185        5.8717149461400735E-004
  0.85937500000000000        1.3618972562459275        1.6933459950070309E-003  0.14579589843750188        6.3713602157362988E-004
  0.85742187500000000        1.3562219126135648        1.7084732905471444E-003  0.14419921875000186        6.2371941586919966E-004
  0.85546875000000000        1.3524793220684748        1.6747639612718016E-003  0.14411621093750182        5.8401801646251945E-004
  0.85351562500000000        1.3483047555918035        1.8335818627137959E-003  0.14264160156250180        5.9286950475758056E-004
  0.85156250000000000        1.3448947939491465        1.9290786920662171E-003  0.14251953125000180        6.2187879698800844E-004
  0.84960937500000000        1.3429035397777473        2.0336185710367379E-003  0.14154296875000177        6.5267757300094438E-004
  0.84765625000000000        1.3380563191848858        1.7165998259914893E-003  0.14060546875000177        6.0318931364064651E-004
  0.84570312500000000        1.3337078277355687        1.7107084497923325E-003  0.13951171875000173        6.3853246290075693E-004
  0.84375000000000000        1.3293411716647139        1.6287253176774301E-003  0.13836914062500175        6.3154321196266805E-004
  0.84179687500000000        1.3297207057113634        1.6597396836374313E-003  0.13864746093750172        6.6118602203606896E-004
  0.83984375000000000        1.3258006422670321        1.7096305303831200E-003  0.13753417968750173        6.1650270067678602E-004
  0.83789062500000000        1.3240159621386229        1.6926441641256270E-003  0.13697753906250174        7.3942344067048395E-004
  0.83593750000000000        1.3221207776623958        1.8661168331304094E-003  0.13678222656250175        6.3092801649046839E-004
  0.83398437500000000        1.3205320641253706        1.8824675394574681E-003  0.13704589843750173        6.1642456894802809E-004
  0.83203125000000000        1.3154076072083116        1.8719976188907681E-003  0.13535156250000169        6.7875014505728584E-004
  0.83007812500000000        1.3093880750206028        1.9479071101717489E-003  0.13393066406250168        6.3430240449370752E-004
  0.82812500000000000        1.3060599234517385        1.8449665345843334E-003  0.13287597656250161        6.2652305982980184E-004
  0.82617187500000000        1.3049652879320710        1.8161914479283392E-003  0.13238769531250164        6.2756004451782399E-004
  0.82421875000000000        1.3022564219879433        1.8377593908552418E-003  0.13230957031250162        6.0193174425197948E-004
  0.82226562500000000        1.2984173159494723        1.9184596211529940E-003  0.13162597656250155        6.7744514384004387E-004
  0.82031250000000000        1.2915172248086528        1.7659984904075988E-003  0.12984375000000153        6.4242792471965241E-004
  0.81835937500000000        1.2876162248132750        1.6922767717075632E-003  0.12887207031250150        5.9629610088625688E-004
  0.81640625000000000        1.2846936817026102        1.6808445072039092E-003  0.12835449218750150        6.0739617502558968E-004
  0.81445312500000000        1.2818240891962367        1.6710690450487051E-003  0.12666503906250143        5.7335261633041363E-004
  0.81250000000000000        1.2759501624897145        1.7643020559121405E-003  0.12527343750000142        5.0201257576156140E-004
  0.81054687500000000        1.2715456767497642        1.6849150059627949E-003  0.12443359375000139        5.9392733564585026E-004
  0.80859375000000000        1.2682373374106892        1.8145311527392894E-003  0.12365234375000135        5.3601512012609758E-004
  0.80664062500000000        1.2654812392790096        1.6224421091315965E-003  0.12351562500000139        5.6090314711636322E-004
  0.80468750000000000        1.2626679736081954        1.6943158459296001E-003  0.12296875000000133        6.0370014479028944E-004
  0.80273437500000000        1.2571946989984968        1.6876871231372916E-003  0.12239746093750133        6.5946021142295884E-004
  0.80078125000000000        1.2541977214892728        1.5245841917462635E-003  0.12168457031250131        5.8611400270588282E-004
  0.79882812500000000        1.2502752601762799        1.6366997945935966E-003  0.12075195312500130        6.0069198906319385E-004
  0.79687500000000000        1.2471975041105632        1.6733649204178501E-003  0.11931640625000123        5.8249627368659048E-004
  0.79492187500000000        1.2412596347386293        1.7356932063448103E-003  0.11822265625000115        6.3831367448498398E-004
  0.79296875000000000        1.2363560789259269        1.6254238971588372E-003  0.11708007812500110        5.7584576030272135E-004
  0.79101562500000000        1.2332027398686340        1.7869102179425399E-003  0.11649902343750107        6.0634218162802106E-004
  0.78906250000000000        1.2293195038729361        1.7928961702200152E-003  0.11611328125000102        6.5392059958239990E-004
  0.78710937500000000        1.2254622025668851        1.8326629160240492E-003  0.11524902343750100        6.6184423062888955E-004
  0.78515625000000000        1.2231098775742493        1.9262611929805550E-003  0.11511230468750097        5.8878198547197272E-004
  0.78320312500000000        1.2199134522689383        1.8329396790218275E-003  0.11394531250000087        5.6409704573901300E-004
  0.78125000000000000        1.2158534224811601        1.7341990042606694E-003  0.11274902343750082        6.0558706987603181E-004
  0.77929687500000000        1.2112893610856685        1.7566124950930254E-003  0.11145996093750077        6.0198775424093231E-004
  0.77734375000000000        1.2060102220867064        1.7184224209921329E-003  0.11072753906250077        5.8350151081759314E-004
  0.77539062500000000        1.2035011098448054        1.7894805862014814E-003  0.11043945312500078        6.4742053440103211E-004
  0.77343750000000000        1.2011908873915949        1.8428894567919963E-003  0.11004882812500075        6.0949889146050523E-004
  0.77148437500000000        1.1967738114651620        1.8273315777993615E-003  0.10894531250000072        5.8273436606022316E-004
  0.76953125000000000        1.1920325688804037        1.7320261974676364E-003  0.10751464843750064        6.0751669619813257E-004
  0.76757812500000000        1.1867552310503455        1.7027684205792961E-003  0.10702148437500063        6.0575744965246918E-004
  0.76562500000000000        1.1821829834591409        1.8408000228264921E-003  0.10602539062500060        5.3366917959774300E-004
  0.76367187500000000        1.1769464790737552        1.8579632469423607E-003  0.10458007812500054        5.9427837932068300E-004
  0.76171875000000000        1.1743458683595751        1.7142995746579827E-003  0.10397949218750055        6.2346819806902197E-004
  0.75976562500000000        1.1688854326635199        1.6511652589052384E-003  0.10289550781250049        6.0194774763794160E-004
  0.75781250000000000        1.1651215687403040        1.7187569445353407E-003  0.10168945312500047        6.4474568742076621E-004
  0.75585937500000000        1.1613950995834041        1.7742441066176174E-003  0.10106445312500041        5.7452268360984869E-004
  0.75390625000000000        1.1573931729763165        1.6380066524401943E-003   9.9838867187500360E-002   6.1137973689295931E-004
  0.75195312500000000        1.1552609900137651        1.7140513812854900E-003   9.9291992187500358E-002   5.6562571222981077E-004
  0.75000000000000000        1.1500593437612081        1.5160778556449032E-003   9.8867187500000314E-002   5.8612160407368863E-004
  0.74804687500000000        1.1477035527192847        1.7054806529103190E-003   9.8359375000000318E-002   5.3314093674110990E-004
  0.74609375000000000        1.1435523334738606        1.7582098107469836E-003   9.7055664062500255E-002   5.2179675151591074E-004
  0.74414062500000000        1.1401240104840551        1.7271004790148183E-003   9.6435546875000236E-002   5.6379726508517885E-004
  0.74218750000000000        1.1352495896107273        1.7139389662919138E-003   9.4663085937500183E-002   5.7127220025526555E-004
  0.74023437500000000        1.1318808002030287        1.6855360166716752E-003   9.4252929687500153E-002   5.6204128720743567E-004
  0.73828125000000000        1.1284538989419839        1.8473436687748944E-003   9.3847656250000161E-002   5.4853355718980658E-004
  0.73632812500000000        1.1234738671732429        1.7917435914765790E-003   9.3300781250000159E-002   5.7897802972957271E-004
  0.73437500000000000        1.1195721590414784        1.7799576938368456E-003   9.2187500000000103E-002   5.8700515629238109E-004
  0.73242187500000000        1.1155634599953748        1.9385334799849809E-003   9.1147460937500105E-002   5.5737714562960577E-004
  0.73046875000000000        1.1132615888270951        1.9068331151527965E-003   9.0898437500000109E-002   5.9161157355608991E-004
  0.72851562500000000        1.1073780020744135        1.7521875762849276E-003   8.9687500000000100E-002   5.9328470448403547E-004
  0.72656250000000000        1.1033956141561831        1.7937917074671444E-003   8.8774414062500070E-002   5.8151042031115148E-004
  0.72460937500000000        1.0981228354089987        1.8545375830163161E-003   8.6850585937500002E-002   5.4794734829818100E-004
  0.72265625000000000        1.0931340293124403        1.7676508932928027E-003   8.6318359375000001E-002   5.3608071262041404E-004
  0.72070312500000000        1.0896290034864429        1.9248675013381743E-003   8.5986328124999997E-002   5.6251435095639574E-004
  0.71875000000000000        1.0859456439167856        1.9776872123796543E-003   8.5488281250000020E-002   5.8345301337555690E-004
  0.71679687500000000        1.0797285030414647        1.9772688414006396E-003   8.4682617187500003E-002   5.7293915507418294E-004
  0.71484375000000000        1.0751885038821123        1.7587691720678856E-003   8.3476562499999976E-002   5.5399086754472624E-004
  0.71289062500000000        1.0703754707804969        1.8039408793748366E-003   8.2221679687499966E-002   5.1468871657653803E-004
  0.71093750000000000        1.0663846762099058        1.8033264740047014E-003   8.1474609374999951E-002   5.2474982689587407E-004
  0.70898437500000000        1.0624617535510203        1.6124920647739682E-003   8.0502929687499961E-002   5.6089176908067490E-004
  0.70703125000000000        1.0578145182622376        1.7239534378905731E-003   7.9082031249999962E-002   6.1088577473714036E-004
  0.70507812500000000        1.0536070852770947        1.7057082053825376E-003   7.9165039062499956E-002   5.5031556988752400E-004
  0.70312500000000000        1.0520422492522270        1.6101257825246172E-003   7.8676757812499956E-002   5.3491479998105714E-004
  0.70117187500000000        1.0488309780687164        1.6628207681343907E-003   7.7651367187499959E-002   5.3278554578519127E-004
  0.69921875000000000        1.0438480688810177        1.6341912813874968E-003   7.7309570312499951E-002   5.4213257961365424E-004
  0.69726562500000000        1.0393224976004054        1.6842725494684550E-003   7.6279296874999944E-002   5.7223781584262129E-004
  0.69531250000000000        1.0352093471628696        1.6212380573840707E-003   7.4824218749999949E-002   4.4881327426652648E-004
  0.69335937500000000        1.0310152543305278        1.5551939602403255E-003   7.3730468749999944E-002   4.8620534096383168E-004
  0.69140625000000000        1.0244690443744391        1.4700027132758060E-003   7.3134765624999931E-002   5.2358099070414508E-004
  0.68945312500000000        1.0193783234795684        1.6643517510398251E-003   7.1928710937499932E-002   4.8663583044172485E-004
  0.68750000000000000        1.0153163387253570        1.5730704504346806E-003   7.1127929687499938E-002   4.6993708975097274E-004
  0.68554687500000000        1.0108201351318966        1.7134924775083567E-003   6.9980468749999941E-002   4.8461176410907904E-004
  0.68359375000000000        1.0060365169670913        1.6993809211709621E-003   6.9575195312499935E-002   4.8741711532121419E-004
  0.68164062500000000        1.0028158865253964        1.5448579678013171E-003   6.8173828124999933E-002   4.9444597205266735E-004
  0.67968750000000000       0.99928791720715882        1.5791364911819012E-003   6.8168945312499937E-002   4.5349869952086087E-004
  0.67773437500000000       0.99490423003254813        1.5381633871004098E-003   6.7241210937499934E-002   4.4935891867499162E-004
  0.67578125000000000       0.99283173939090819        1.5200589010355742E-003   6.6196289062499941E-002   4.3359165050540322E-004
  0.67382812500000000       0.98792267233399456        1.6521101470128551E-003   6.5610351562499933E-002   4.9623877043215598E-004
  0.67187500000000000       0.98385824340650119        1.5200730973874122E-003   6.5102539062499937E-002   4.4117899690176152E-004
  0.66992187500000000       0.97921103871219206        1.5911939008520118E-003   6.4052734374999934E-002   4.4759141485864711E-004
  0.66796875000000000       0.97452760415332507        1.6538570432784478E-003   6.3183593749999933E-002   4.7705489302648921E-004
  0.66601562500000000       0.96937192072961520        1.6541641374685852E-003   6.2739257812499935E-002   4.8820701574266937E-004
  0.66406250000000000       0.96646062691790779        1.6184634230417927E-003   6.2192382812499940E-002   4.8796820575924089E-004
  0.66210937500000000       0.96144306759735487        1.6428206922869839E-003   6.0620117187499940E-002   4.5948544764744926E-004
  0.66015625000000000       0.95716460534545289        1.7106112986775719E-003   5.9912109374999939E-002   4.7642345013816157E-004
  0.65820312500000000       0.95304069240342737        1.7147294610570089E-003   5.9360351562499941E-002   4.6479454003465229E-004
  0.65625000000000000       0.94820505053129422        1.5993233959035499E-003   5.8496093749999936E-002   4.6602323026343119E-004
  0.65429687500000000       0.94220816820998776        1.7589138489891160E-003   5.7563476562499938E-002   4.3952956642604569E-004
  0.65234375000000000       0.93795866875187972        1.6235299067601616E-003   5.6562499999999939E-002   4.7135269519895295E-004
  0.65039062500000000       0.93383909407814936        1.5557344630883698E-003   5.5712890624999935E-002   4.5854762088544810E-004
  0.64843750000000000       0.92906820024137970        1.4528747969434833E-003   5.5380859374999938E-002   4.4162229442654838E-004
  0.64648437500000000       0.92541461124261259        1.4835339067902575E-003   5.4252929687499937E-002   4.2555461695803124E-004
  0.64453125000000000       0.92048364872477539        1.6104996370707465E-003   5.4189453124999939E-002   4.2950250515774084E-004
  0.64257812500000000       0.91588654878541387        1.4253055296773152E-003   5.3461914062499935E-002   4.0063805745758213E-004
  0.64062500000000000       0.91224337855118387        1.5267995209211072E-003   5.2617187499999940E-002   4.0959218970418483E-004
  0.63867187500000000       0.90694386202731125        1.5143132790878201E-003   5.1772460937499938E-002   4.3120788672377727E-004
  0.63671875000000000       0.90323414791446188        1.4490805807382933E-003   5.0610351562499947E-002   4.0153151032240554E-004
  0.63476562500000000       0.89795275943747688        1.4624605078939234E-003   5.0126953124999950E-002   3.7375147889486188E-004
  0.63281250000000000       0.89491881947963148        1.3926102690574374E-003   4.9638671874999936E-002   3.8348333668097872E-004
  0.63085937500000000       0.89143014364968021        1.4294214572891223E-003   4.8784179687499950E-002   3.7322757715474355E-004
  0.62890625000000000       0.88755604486096773        1.2742020857026083E-003   4.7954101562499948E-002   3.9175129362933403E-004
  0.62695312500000000       0.88410195892463372        1.3198709935987026E-003   4.7900390624999949E-002   3.8550518497154602E-004
  0.62500000000000000       0.87864082409226996        1.3996105171112756E-003   4.6655273437499950E-002   3.8618395361982331E-004
  0.62304687500000000       0.87368416198289889        1.3683737375552365E-003   4.5708007812499958E-002   3.7967603768998141E-004
  0.62109375000000000       0.86917252904161346        1.2877527862407388E-003   4.4521484374999962E-002   3.6653992745541437E-004
  0.61914062500000000       0.86439507695778994        1.3052145877314888E-003   4.4077148437499956E-002   3.8658783947233255E-004
  0.61718750000000000       0.86029489837097306        1.4441712026659801E-003   4.3071289062499962E-002   4.2963229018225393E-004
  0.61523437500000000       0.85596603107246150        1.4895663603415690E-003   4.2421874999999963E-002   3.6256968945452454E-004
  0.61328125000000000       0.85148926076835740        1.4702387309461879E-003   4.2031249999999964E-002   3.7041561094437617E-004
  0.61132812500000000       0.84736697595169685        1.3979250792429240E-003   4.1010742187499977E-002   3.5547377694697749E-004
  0.60937500000000000       0.84379802335373233        1.3446798380555712E-003   3.9970703124999979E-002   3.4070442298220351E-004
  0.60742187500000000       0.83868241806967281        1.3408537547552296E-003   4.0087890624999976E-002   3.4925463246447480E-004
  0.60546875000000000       0.83418489447538391        1.3841672588273458E-003   3.9316406249999970E-002   3.7895129753432556E-004
  0.60351562500000000       0.83103363515518269        1.4288146700599826E-003   3.8984374999999974E-002   3.7119756987387333E-004
  0.60156250000000000       0.82673095934896890        1.4365836345202017E-003   3.8427734374999974E-002   3.7170198069838253E-004
  0.59960937500000000       0.82304236499354066        1.5100747263977481E-003   3.7695312499999974E-002   3.4617255719433554E-004
  0.59765625000000000       0.81927089281084742        1.5218041490841607E-003   3.7080078124999978E-002   3.5386620490473477E-004
  0.59570312500000000       0.81353746478957345        1.6053059933676054E-003   3.6249999999999977E-002   3.6796553310371367E-004
  0.59375000000000000       0.81081189509666662        1.4074632292739476E-003   3.5537109374999980E-002   3.2041900435486576E-004
  0.59179687500000000       0.80517367738445078        1.3458049536675804E-003   3.4736328124999979E-002   3.4408057425026580E-004
  0.58984375000000000       0.80078303961283326        1.3615271950853138E-003   3.3959960937499978E-002   3.4438525194995976E-004
  0.58789062500000000       0.79743807469639305        1.3121529429338244E-003   3.3876953124999977E-002   3.0637184727768448E-004
  0.58593750000000000       0.79409731528485239        1.3238361749092866E-003   3.3452148437499982E-002   2.9505705308015924E-004
  0.58398437500000000       0.78980413297139340        1.3985374266198827E-003   3.2807617187499978E-002   3.0863637255495503E-004
  0.58203125000000000       0.78531413210743750        1.2542427254844826E-003   3.2177734374999982E-002   3.2131366226226650E-004
  0.58007812500000000       0.78116676464941859        1.4160146909882316E-003   3.1391601562499982E-002   3.1016197656447673E-004
  0.57812500000000000       0.77769628083579589        1.3658418668624809E-003   3.1162109374999983E-002   2.7746452624817508E-004
  0.57617187500000000       0.77348473281853769        1.3706225881805268E-003   3.0673828124999986E-002   2.9545549986830508E-004
  0.57421875000000000       0.76873434822821207        1.3210544230499767E-003   2.9677734374999987E-002   2.8467891990683876E-004
  0.57226562500000000       0.76496451083028216        1.2707560970322399E-003   2.9218749999999988E-002   3.0360341063487989E-004
  0.57031250000000000       0.76201227321707055        1.3768260789953294E-003   2.8637695312499985E-002   3.3068633297079542E-004
  0.56835937500000000       0.75803647739301139        1.3020401274333891E-003   2.8203124999999985E-002   3.1123357457051530E-004
  0.56640625000000000       0.75429215587121812        1.2926558821096949E-003   2.7841796874999991E-002   3.0701574036907237E-004
  0.56445312500000000       0.75103317645359979        1.3819641514090158E-003   2.7846679687499987E-002   2.9349888575048901E-004
  0.56250000000000000       0.74652490096767865        1.3550670885967620E-003   2.7246093749999988E-002   2.9890928465202383E-004
  0.56054687500000000       0.74344730737277442        1.2075149083138549E-003   2.6474609374999993E-002   2.8289682691664305E-004
  0.55859375000000000       0.73868226674066961        1.2423672255444560E-003   2.5781249999999992E-002   2.5291028195100092E-004
  0.55664062500000000       0.73462771937145677        1.2318955872431530E-003   2.5249023437499990E-002   2.7901513564858522E-004
  0.55468750000000000       0.73021658874199669        1.1679443858527102E-003   2.4565429687499991E-002   2.5154443962373561E-004
  0.55273437500000000       0.72692585689850520        1.1121257377193017E-003   2.4047851562499990E-002   2.5887466274160750E-004
  0.55078125000000000       0.72398292143564991        1.0555716123428361E-003   2.4052734374999992E-002   2.5363483757608149E-004
  0.54882812500000000       0.71958463961925612        1.1314120308288681E-003   2.3583984374999992E-002   2.6404426214867203E-004
  0.54687500000000000       0.71619257399453540        1.2362826183028714E-003   2.3100585937499991E-002   2.5335695594637847E-004
  0.54492187500000000       0.71265750391704297        1.2886993055719761E-003   2.2724609374999993E-002   2.7546449216197811E-004
  0.54296875000000000       0.70862676496895749        1.3495478662673118E-003   2.2280273437499991E-002   2.7063427347721869E-004
  0.54101562500000000       0.70524921346683400        1.3096498350748430E-003   2.1748046874999993E-002   2.5738611566858665E-004
  0.53906250000000000       0.70142964055415746        1.2762621684049237E-003   2.1313476562499996E-002   2.3384985869917080E-004
  0.53710937500000000       0.69657626233978609        1.2727522205530279E-003   2.0839843749999996E-002   2.6224867554240075E-004
  0.53515625000000000       0.69266759043646831        1.2752683334913335E-003   2.0683593749999996E-002   2.4873556329967371E-004
  0.53320312500000000       0.68825567196204229        1.1370686522749216E-003   2.0317382812499996E-002   2.4682814886731403E-004
  0.53125000000000000       0.68480401908372557        1.1223164260094130E-003   1.9960937499999998E-002   2.3923617052577537E-004
  0.52929687500000000       0.68220812043052026        1.1228964411275507E-003   1.9624023437499999E-002   2.5297645275470322E-004
  0.52734375000000000       0.67910717948844379        1.2080533030194790E-003   1.9414062499999999E-002   2.5623266476763261E-004
  0.52539062500000000       0.67525179158293325        1.2184835192654807E-003   1.8779296875000000E-002   2.5027027355501417E-004
  0.52343750000000000       0.67197824046926979        1.1933576477564172E-003   1.8500976562499997E-002   2.4751018698202025E-004
  0.52148437500000000       0.66777199088254657        1.3256106868680848E-003   1.8242187499999996E-002   2.3210758089825767E-004
  0.51953125000000000       0.66469999663475721        1.2140371570627585E-003   1.8061523437500001E-002   2.2094198599876278E-004
  0.51757812500000000       0.66155775423311314        1.2201851201546121E-003   1.7592773437500001E-002   2.4304867469108327E-004
  0.51562500000000000       0.65912976256483102        1.0699766608248591E-003   1.7304687499999999E-002   2.2853155903071977E-004
  0.51367187500000000       0.65551827902592397        1.0788940319166975E-003   1.7001953125000000E-002   2.2864323467948407E-004
  0.51171875000000000       0.65172634570623900        1.0757491115941827E-003   1.6552734375000003E-002   2.1317604494371060E-004
  0.50976562500000000       0.64880815750226106        1.1258000641178104E-003   1.6474609375000001E-002   2.2835234254291230E-004
  0.50781250000000000       0.64561064569125703        1.1050796302302863E-003   1.6162109375000001E-002   2.2213829266606980E-004
  0.50585937500000000       0.64190551784248928        1.0349876409636700E-003   1.5961914062500002E-002   2.1353668184517040E-004
  0.50390625000000000       0.63820813230682572        1.1970036601757603E-003   1.5600585937500001E-002   2.1785534417659842E-004
  0.50195312500000000       0.63341547620983585        1.1624714379760766E-003   1.5205078125000002E-002   2.1289569282032411E-004
  0.50000000000000000       0.63078503992787782        1.1770876921288140E-003   1.5043945312500005E-002   2.2560165145704700E-004
  0.49804687500000000       0.62702080128276305        1.2405468918506820E-003   1.4785156250000002E-002   2.1560017349711986E-004
  0.49609375000000000       0.62362642300702775        1.2694195024441591E-003   1.4506835937500007E-002   2.0591195681071581E-004
  0.49414062500000000       0.62024673797477259        1.1552823879652256E-003   1.4282226562500007E-002   2.0824719584544015E-004
  0.49218750000000000       0.61789984345273818        1.1234260709360759E-003   1.4052734375000007E-002   2.0676222738822276E-004
  0.49023437500000000       0.61380457495583596        1.1755704382063554E-003   1.3823242187500008E-002   2.0466846616114205E-004
  0.48828125000000000       0.61053209234598371        1.0347746704212075E-003   1.3598632812500009E-002   2.0046939963363057E-004
  0.48632812500000000       0.60794399350512551        9.8633880683792223E-004   1.3208007812500009E-002   2.1327487155351895E-004
  0.48437500000000000       0.60480882350024634        9.5813867745056221E-004   1.3032226562500009E-002   1.9279256943212174E-004
  0.48242187500000000       0.60028561441502370        8.6019014971615239E-004   1.2773437500000010E-002   1.9942695132883285E-004
  0.48046875000000000       0.59783787156718138        8.7473304290234275E-004   1.2519531250000014E-002   1.7997826064984412E-004
  0.47851562500000000       0.59394509455749933        9.0748684856480891E-004   1.2338867187500014E-002   1.6912494054281140E-004
  0.47656250000000000       0.59123631373545782        9.1468197419825189E-004   1.2080078125000013E-002   1.6679712449417923E-004
  0.47460937500000000       0.58862431572145557        9.1776990617121849E-004   1.1953125000000016E-002   1.6044758240194514E-004
  0.47265625000000000       0.58489319118307004        8.9036082582820040E-004   1.1840820312500016E-002   1.6147918417380657E-004
  0.47070312500000000       0.58251383603088747        9.5440914244180610E-004   1.1728515625000015E-002   1.5424891971502550E-004
  0.46875000000000000       0.57923384054138283        9.2442724639331343E-004   1.1562500000000017E-002   1.6741106658062159E-004
  0.46679687500000000       0.57672713858682823        9.5402220459563460E-004   1.1391601562500018E-002   1.5765779322731297E-004
  0.46484375000000000       0.57326520832290551        9.9583426662145725E-004   1.1196289062500017E-002   1.5522553567941941E-004
  0.46289062500000000       0.57001426120363208        9.3727790908195525E-004   1.0927734375000020E-002   1.4685873879901771E-004
  0.46093750000000000       0.56688255531750043        8.7898380443250592E-004   1.0830078125000017E-002   1.4597053184206468E-004
  0.45898437500000000       0.56341774059070671        8.5787698958290719E-004   1.0556640625000023E-002   1.3980180128306106E-004
  0.45703125000000000       0.56028214875811211        1.0288219447327504E-003   1.0385742187500024E-002   1.4084441153909804E-004
  0.45507812500000000       0.55787039641615221        9.5605948549285359E-004   1.0454101562500026E-002   1.5689830952725071E-004
  0.45312500000000000       0.55483560168362134        9.2945085482912422E-004   1.0214843750000027E-002   1.4585499788348849E-004
  0.45117187500000000       0.55219623932221562        9.1533225701744166E-004   1.0014648437500030E-002   1.5149441490455351E-004
  0.44921875000000000       0.55001997214767107        9.6632883056205925E-004   9.8632812500000291E-003   1.5580547562841463E-004
  0.44726562500000000       0.54645850759622983        9.1752391088849620E-004   9.8046875000000339E-003   1.5326215255340625E-004
  0.44531250000000000       0.54435628359564792        9.0900621811604992E-004   9.7216796875000296E-003   1.3951123608639554E-004
  0.44335937500000000       0.54158715894489495        9.8013640854725890E-004   9.5312500000000328E-003   1.4532567297330186E-004
  0.44140625000000000       0.53884379672650917        9.8385009703149426E-004   9.3701171875000336E-003   1.3892308209221868E-004
  0.43945312500000000       0.53543370679990121        9.3509674138470152E-004   9.3066406250000323E-003   1.4354827893816205E-004
  0.43750000000000000       0.53175296960746266        9.9973268309568757E-004   9.1845703125000358E-003   1.4064592576095415E-004
  0.43554687500000000       0.53016304126421698        9.7672881635604424E-004   8.9843750000000340E-003   1.3277245664166472E-004
  0.43359375000000000       0.52719327100882007        9.8513483028058076E-004   8.9941406250000338E-003   1.2781521831244479E-004
  0.43164062500000000       0.52461611406274700        8.9373848707417368E-004   8.9794921875000315E-003   1.3791397171719833E-004
  0.42968750000000000       0.52165460342830050        9.2148702593659231E-004   8.7597656250000336E-003   1.3418337613979586E-004
  0.42773437500000000       0.51903489912529577        9.0819836703410345E-004   8.6523437500000376E-003   1.2435809922971551E-004
  0.42578125000000000       0.51529321822240604        9.3036650944577481E-004   8.5742187500000393E-003   1.2933984745666394E-004
  0.42382812500000000       0.51279139502451354        9.3399882053399439E-004   8.4521484375000393E-003   1.3162386785027730E-004
  0.42187500000000000       0.51015926391192612        9.1207517812714968E-004   8.3105468750000414E-003   1.3313111084304282E-004
  0.41992187500000000       0.50689326585113692        9.0929072228562778E-004   8.2226562500000416E-003   1.2582893255180019E-004
  0.41796875000000000       0.50434722712613600        9.2217723285776469E-004   8.1396484375000425E-003   1.1468127559914382E-004
  0.41601562500000000       0.50128520163256074        8.2979778690448272E-004   8.1152343750000421E-003   1.2056261946548116E-004
  0.41406250000000000       0.49823585817041777        7.3336166555955135E-004   7.9687500000000418E-003   1.2275985017097562E-004
  0.41210937500000000       0.49578537172014170        7.6730202443487901E-004   7.8613281250000423E-003   1.1990564123663203E-004
  0.41015625000000000       0.49325948689244919        7.8509143149223530E-004   7.7294921875000451E-003   1.1778911458950070E-004
  0.40820312500000000       0.49151434195710031        7.7635214254471595E-004   7.7148437500000420E-003   1.2020653415951009E-004
  0.40625000000000000       0.48942893252350200        8.6402998569425559E-004   7.6464843750000452E-003   1.1638326862199963E-004
  0.40429687500000000       0.48617136162960506        8.7396140684745972E-004   7.5341796875000432E-003   1.2204663596145119E-004
  0.40234375000000000       0.48352730540992872        8.0416823782467214E-004   7.5244140625000443E-003   1.2042571126740553E-004
  0.40039062500000000       0.48035312340176262        8.2126209405624024E-004   7.4804687500000470E-003   1.2775868041507788E-004
  0.39843750000000000       0.47734490335833024        8.4257351848681327E-004   7.4462890625000451E-003   1.2383315194037218E-004
  0.39648437500000000       0.47543863130806002        8.4394684363081011E-004   7.3193359375000478E-003   1.2070535800693312E-004
  0.39453125000000000       0.47316475152269555        8.6224385727826721E-004   7.2558593750000492E-003   1.1551091144638749E-004
  0.39257812500000000       0.47027555857599945        8.4037628961899165E-004   7.2460937500000485E-003   1.1461090512799687E-004
  0.39062500000000000       0.46776400121994371        8.6453936098723381E-004   7.2070312500000476E-003   1.2063051619724311E-004
  0.38867187500000000       0.46534272595340659        8.1052274926823843E-004   7.0703125000000514E-003   1.1179423098654690E-004
  0.38671875000000000       0.46330305613733958        8.3961853977344099E-004   7.0849609375000511E-003   1.1808316411699128E-004
  0.38476562500000000       0.46022660871622628        8.4518736987071724E-004   7.0312500000000487E-003   1.1319005385242541E-004
  0.38281250000000000       0.45803091193189860        8.3628569961849701E-004   7.0214843750000498E-003   1.1546086338881840E-004
  0.38085937500000000       0.45532945737863623        8.7904455705702447E-004   6.9726562500000491E-003   1.1213837288412297E-004
  0.37890625000000000       0.45286748508416869        8.8639243407193731E-004   6.9384765625000490E-003   1.1001689203204179E-004
  0.37695312500000000       0.45020225668610969        8.6018442641499940E-004   6.9042968750000480E-003   1.1383078540997543E-004
  0.37500000000000000       0.44726663921093979        8.7733027556103054E-004   6.8408203125000502E-003   1.1286939093480594E-004
  0.37304687500000000       0.44432237985993522        8.2797495749042265E-004   6.7968750000000503E-003   1.1226715412269032E-004
  0.37109375000000000       0.44164531521064082        8.4070212382369189E-004   6.7578125000000554E-003   1.0745325672238916E-004
  0.36914062500000000       0.43987180998603542        8.2573075205094430E-004   6.7529296875000521E-003   1.0434568800779035E-004
  0.36718750000000000       0.43734920579419734        7.4873258356899369E-004   6.6601562500000532E-003   1.0763240532414105E-004
  0.36523437500000000       0.43447766675064903        8.0430757412572448E-004   6.6113281250000542E-003   1.0938574447811869E-004
  0.36328125000000000       0.43173498856529791        8.2775088549971710E-004   6.5820312500000557E-003   1.0895779126878474E-004
  0.36132812500000000       0.42916074527842213        7.8473619378363526E-004   6.5380859375000558E-003   1.1316771150515903E-004
  0.35937500000000000       0.42683784759753174        8.1782446937596028E-004   6.4843750000000552E-003   1.0909032725169329E-004
  0.35742187500000000       0.42431850685983696        7.8110823399220395E-004   6.4257812500000547E-003   1.0472926021920636E-004
  0.35546875000000000       0.42214621508266403        7.6497510212380484E-004   6.4453125000000569E-003   1.0479362695090928E-004
  0.35351562500000000       0.41950219448908027        6.8799302961090089E-004   6.4062500000000577E-003   1.0300421154917430E-004
  0.35156250000000000       0.41699598030813007        6.6712497605583604E-004   6.3378906250000566E-003   1.0386567991436978E-004
  0.34960937500000000       0.41517405470947710        6.6628667151698176E-004   6.3037109375000573E-003   1.0059474791633939E-004
  0.34765625000000000       0.41192136827240911        6.4026109977785995E-004   6.2597656250000574E-003   9.8241420711985184E-005
  0.34570312500000000       0.40967756904052988        6.7676558065727971E-004   6.2548828125000575E-003   9.8073357571723405E-005
  0.34375000000000000       0.40759486799309774        6.9313480672250779E-004   6.2548828125000558E-003   9.9777457634475539E-005
  0.34179687500000000       0.40509159368186187        6.8580975805478616E-004   6.1914062500000597E-003   1.0173384196757426E-004
  0.33984375000000000       0.40307911839118454        6.9577884293522204E-004   6.1572265625000622E-003   9.9584179247440865E-005
  0.33789062500000000       0.40106879829496955        7.3172590495452345E-004   6.1083984375000589E-003   9.9002080127388284E-005
  0.33593750000000000       0.39856439126493143        6.6127874696368010E-004   6.1230468750000586E-003   9.8983834371254716E-005
  0.33398437500000000       0.39659723328405461        6.6386572711247323E-004   6.0839843750000577E-003   9.6520183234811212E-005
  0.33203125000000000       0.39415930064468674        6.4138993106613957E-004   5.9960937500000595E-003   9.7675976542972628E-005
  0.33007812500000000       0.39173635460661821        6.0068273421989913E-004   6.0058593750000585E-003   9.7532868712575806E-005
  0.32812500000000000       0.38969710654709344        6.6674844935817555E-004   5.9814453125000598E-003   9.9941450376056393E-005
  0.32617187500000000       0.38706274637584565        7.3544833303916014E-004   5.9667968750000610E-003   9.8535146962531125E-005
  0.32421875000000000       0.38471068617016962        7.3679590270393704E-004   5.9375000000000599E-003   9.8079496326342242E-005
  0.32226562500000000       0.38250308896189172        6.9282860958529147E-004   5.9423828125000598E-003   9.7422927947532863E-005
  0.32031250000000000       0.38033173626448602        7.0737117739696803E-004   5.8886718750000636E-003   9.7858258553198705E-005
  0.31835937500000000       0.37772332213999493        6.7621791748800832E-004   5.8642578125000623E-003   9.8514370172673871E-005
  0.31640625000000000       0.37520201019862326        7.2715823173419910E-004   5.8496093750000635E-003   9.7404386385605170E-005
  0.31445312500000000       0.37289762833675605        7.5434087246388916E-004   5.8349609375000647E-003   9.6259092871985426E-005
  0.31250000000000000       0.37051799523381823        6.6882690487540483E-004   5.7958984375000655E-003   9.7076234849463041E-005
  0.31054687500000000       0.36772408154968367        7.1475534666616937E-004   5.7763671875000651E-003   9.7916074415291680E-005
  0.30859375000000000       0.36583485821862882        6.7405781896736163E-004   5.7617187500000654E-003   9.7902546103651556E-005
  0.30664062500000000       0.36353310306022635        6.6896083132485652E-004   5.7568359375000629E-003   9.7728971897126984E-005
  0.30468750000000000       0.36149208814928857        6.1643688104065693E-004   5.7324218750000643E-003   9.9517653106220977E-005
  0.30273437500000000       0.35925231482191256        6.3129215262277519E-004   5.7128906250000656E-003   9.8759745478012201E-005
  0.30078125000000000       0.35730349064076455        6.3668067160433338E-004   5.6933593750000651E-003   9.8691443516737951E-005
  0.29882812500000000       0.35497950477720835        5.9877497443563152E-004   5.6640625000000657E-003   1.0104978148060831E-004
  0.29687500000000000       0.35264615937004812        6.2602679773782850E-004   5.6445312500000644E-003   1.0088759034692170E-004
  0.29492187500000000       0.35011461009199302        6.2114425200985506E-004   5.6250000000000657E-003   1.0092577641579272E-004
  0.29296875000000000       0.34790357331443006        6.4932736792025947E-004   5.6201171875000641E-003   9.8514370172674982E-005
  0.29101562500000000       0.34543108093786479        6.4865405975816589E-004   5.5957031250000655E-003   9.7759769942746126E-005
  0.28906250000000000       0.34314395516442936        6.4381705289942429E-004   5.5664062500000670E-003   9.8881595919763314E-005
  0.28710937500000000       0.34110400691219062        6.0698472549649554E-004   5.5468750000000665E-003   9.9008161298891356E-005
  0.28515625000000000       0.33812214672603025        6.0121471007939370E-004   5.5322265625000642E-003   1.0010517446436115E-004
  0.28320312500000000       0.33586508478775512        5.8183984275353884E-004   5.5273437500000652E-003   9.9095688790244173E-005
  0.28125000000000000       0.33350236577151660        5.4250057022536087E-004   5.5273437500000652E-003   9.8118775261165497E-005
  0.27929687500000000       0.33160353118344332        5.5765777072081608E-004   5.5126953125000646E-003   9.7728971897126306E-005
  0.27734375000000000       0.32955897307116133        6.0213320370223328E-004   5.4882812500000634E-003   9.7438994447237581E-005
  0.27539062500000000       0.32747098741973979        6.3401519010313672E-004   5.4833984375000653E-003   9.7866871590940928E-005
  0.27343750000000000       0.32523600104985467        6.5125825522178039E-004   5.4785156250000645E-003   9.9022754586804650E-005
  0.27148437500000000       0.32325719635487893        6.5388638064108853E-004   5.4638671875000648E-003   9.8807285024624499E-005
  0.26953125000000000       0.32114462434203134        6.8014396704874905E-004   5.4589843750000632E-003   9.8730478994786785E-005
  0.26757812500000000       0.31890534773387136        6.6354589429875438E-004   5.4296875000000655E-003   1.0063902772638493E-004
  0.26562500000000000       0.31646121979941777        6.4930193348081621E-004   5.4150390625000702E-003   9.9390525005022538E-005
  0.26367187500000000       0.31414510270846763        5.8636426086637020E-004   5.4150390625000667E-003   9.8171531582210168E-005
  0.26171875000000000       0.31229310616635303        5.9640757312239717E-004   5.4003906250000679E-003   9.8593787205943954E-005
  0.25976562500000000       0.30973497566882663        6.2205483156054224E-004   5.3955078125000663E-003   9.9458346880684843E-005
  0.25781250000000000       0.30779450516601620        6.0332020472669682E-004   5.3759765625000676E-003   9.8758526214367252E-005
  0.25585937500000000       0.30555616774592115        6.2046785395328014E-004   5.3662109375000686E-003   9.8758526214367252E-005
  0.25390625000000000       0.30310247518196531        6.2360482120987575E-004   5.3564453125000697E-003   9.9235329516680172E-005
  0.25195312500000000       0.30089549356166395        6.0238755094259365E-004   5.3320312500000685E-003   9.7330184815921293E-005
  0.25000000000000000       0.29842025616441092        6.0634987567858255E-004   5.3222656250000696E-003   9.8759745478011306E-005
  0.24804687500000000       0.29651222310478170        6.1081031139240062E-004   5.3076171875000681E-003   9.9040993172888075E-005
  0.24609375000000000       0.29431028022585420        6.2664658780060758E-004   5.2880859375000686E-003   9.7916074415290122E-005
  0.24414062500000000       0.29154017961106432        6.0682527933536600E-004   5.2783203125000653E-003   9.7581005971244020E-005
  0.24218750000000000       0.28934289080731151        5.6975205789823165E-004   5.2734375000000663E-003   9.7161784797477357E-005
  0.24023437500000000       0.28729724729757594        5.8090941507032718E-004   5.2587890625000674E-003   9.6379107372422822E-005
  0.23828125000000000       0.28462992691506939        6.0663390678916142E-004   5.2441406250000643E-003   9.5819010311306264E-005
  0.23632812500000000       0.28236371513184633        6.0710360319747689E-004   5.2246093750000673E-003   9.6789278180787580E-005
  0.23437500000000000       0.28055807243500785        6.2181984230980970E-004   5.2148437500000658E-003   9.6634889360202640E-005
  0.23242187500000000       0.27840885174877522        5.7636046174356888E-004   5.2099609375000676E-003   9.7422927947532633E-005
  0.23046875000000000       0.27620050611577923        5.4007871455422453E-004   5.1806640625000674E-003   9.9342052459526725E-005
  0.22851562500000000       0.27433634860404393        5.5865550227655230E-004   5.1416015625000656E-003   9.7274496493999157E-005
  0.22656250000000000       0.27204311447057372        5.1690371453626456E-004   5.1269531250000659E-003   9.8025462091925960E-005
  0.22460937500000000       0.26970152773550160        5.1918671833809022E-004   5.1171875000000670E-003   9.8510703225467486E-005
  0.22265625000000000       0.26759236946520093        5.3914136783844387E-004   5.1025390625000664E-003   9.8485030772076920E-005
  0.22070312500000000       0.26560841787230255        5.4386578150206069E-004   5.0878906250000685E-003   9.8925425337232549E-005
  0.21875000000000000       0.26375260131525119        5.6673828054017627E-004   5.0781250000000696E-003   9.8881595919763545E-005
  0.21679687500000000       0.26135014540904522        5.9335633089357834E-004   5.0683593750000680E-003   9.8828000234479099E-005
  0.21484375000000000       0.25973326278570891        6.0346633527589004E-004   5.0683593750000689E-003   9.8828000234478435E-005
  0.21289062500000000       0.25747523539449507        5.9219589301690977E-004   5.0585937500000691E-003   9.8764622382065513E-005
  0.21093750000000000       0.25532586889039810        5.5207459557488352E-004   5.0537109375000692E-003   9.7994747548763421E-005
  0.20898437500000000       0.25327967000099161        5.3838178769912955E-004   5.0488281250000685E-003   9.8202190832926209E-005
  0.20703125000000000       0.25114899470465329        4.9485899867616145E-004   5.0341796875000696E-003   9.7581005971243126E-005
  0.20507812500000000       0.24872256459500616        5.2723815632122069E-004   5.0292968750000680E-003   9.6540141916420856E-005
  0.20312500000000000       0.24683669856974100        5.2739967592398411E-004   5.0195312500000691E-003   9.6933483817909810E-005
  0.20117187500000000       0.24459968172346605        4.9383580294857230E-004   5.0048828125000703E-003   9.6259092871986104E-005
  0.19921875000000000       0.24284134181943315        5.1785843229527320E-004   5.0048828125000703E-003   9.5505585449183030E-005
  0.19726562500000000       0.24071663305600688        5.0163847306297833E-004   4.9902343750000680E-003   9.6560096472631557E-005
  0.19531250000000000       0.23843309521038822        5.3557051017108287E-004   4.9755859375000691E-003   9.7086157547453828E-005
  0.19335937500000000       0.23638892373636441        4.9353084652017736E-004   4.9658203125000702E-003   9.7916074415292344E-005
  0.19140625000000000       0.23440343568205102        5.0328232980968919E-004   4.9609375000000703E-003   9.6844002148049570E-005
  0.18945312500000000       0.23251400228227848        4.8337715301733730E-004   4.9560546875000696E-003   9.6758171228938727E-005
  0.18750000000000000       0.23063822432774628        4.7816034346363616E-004   4.9462890625000698E-003   9.7076234849464410E-005
  0.18554687500000000       0.22849449698066576        4.6216162898582712E-004   4.9414062500000690E-003   9.7725275479410364E-005
  0.18359375000000000       0.22641474431010600        4.7731753445302751E-004   4.9414062500000707E-003   9.7725275479409226E-005
  0.18164062500000000       0.22432918690752593        5.0731212561456801E-004   4.9316406250000701E-003   9.8025462091924835E-005
  0.17968750000000000       0.22212597989306496        5.1800334806624960E-004   4.9316406250000692E-003   9.8025462091924835E-005
  0.17773437500000000       0.22031425149572392        5.1005391404985079E-004   4.9267578125000702E-003   9.7925912013530108E-005
  0.17578125000000000       0.21848218196153371        4.9387493574241004E-004   4.9169921875000695E-003   9.7472354869333183E-005
  0.17382812500000000       0.21638383422563279        4.6428676138951882E-004   4.9072265625000697E-003   9.7254688517313151E-005
  0.17187500000000000       0.21450745571483310        4.8299847810355989E-004   4.9072265625000706E-003   9.7254688517312704E-005
  0.16992187500000000       0.21229203534496502        4.9231754610979598E-004   4.9072265625000697E-003   9.7254688517313829E-005
  0.16796875000000000       0.20994428774054621        5.0040929576131404E-004   4.9023437500000698E-003   9.7389550594433218E-005
  0.16601562500000000       0.20790271119283033        4.9338324056714261E-004   4.8876953125000710E-003   9.7284398969935267E-005
  0.16406250000000000       0.20581109636612765        5.1483917314516857E-004   4.8876953125000719E-003   9.7284398969934807E-005
  0.16210937500000000       0.20365928136516689        5.1925954132435871E-004   4.8876953125000710E-003   9.7284398969935037E-005
  0.16015625000000000       0.20158425024532975        4.9322730785390431E-004   4.8828125000000703E-003   9.6913606142357375E-005
  0.15820312500000000       0.19966825684246930        4.7730139296593514E-004   4.8779296875000721E-003   9.7036533910821381E-005
  0.15625000000000000       0.19730773678723382        4.8215448686714089E-004   4.8681640625000714E-003   9.6778080829957881E-005
  0.15429687500000000       0.19530755899917726        5.0142944933329026E-004   4.8632812500000724E-003   9.6893724388911928E-005
  0.15234375000000000       0.19320399295243415        4.8449874635053084E-004   4.8583984375000725E-003   9.7254688517312487E-005
  0.15039062500000000       0.19122389043952495        5.0129720796361350E-004   4.8583984375000725E-003   9.7254688517312704E-005
  0.14843750000000000       0.18899932045199416        4.9648061878392632E-004   4.8486328125000736E-003   9.7472354869332492E-005
  0.14648437500000000       0.18728605419501063        4.9020597929955449E-004   4.8486328125000736E-003   9.7472354869332058E-005
  0.14453125000000000       0.18531945289136673        4.6773487902953165E-004   4.8486328125000719E-003   9.7472354869333183E-005
  0.14257812500000000       0.18351515289020848        4.7316250946888831E-004   4.8339843750000739E-003   9.5537100244776893E-005
  0.14062500000000000       0.18158374328208068        4.7496865876373880E-004   4.8291015625000731E-003   9.5636618740623370E-005
  0.13867187500000000       0.17961643961775198        4.8602074873737455E-004   4.8242187500000732E-003   9.5733518223257492E-005
  0.13671875000000000       0.17758746045793405        4.5256488264599153E-004   4.8095703125000718E-003   9.5505585449183952E-005
  0.13476562500000000       0.17555125144572600        4.4120165264999628E-004   4.8095703125000718E-003   9.5505585449184182E-005
  0.13281250000000000       0.17345219694616409        4.3089741287784592E-004   4.7949218750000721E-003   9.7255926634047952E-005
  0.13085937500000000       0.17149824492994140        4.5228256551516435E-004   4.7900390625000731E-003   9.8073357571722510E-005
  0.12890625000000000       0.16938267619741684        4.5066091121793094E-004   4.7851562500000741E-003   9.7161784797476910E-005
  0.12695312500000000       0.16755934989408142        4.4329935519807481E-004   4.7802734375000742E-003   9.7234876505491340E-005
  0.12500000000000000       0.16566327355094773        4.3691841345830693E-004   4.7802734375000733E-003   9.7234876505492235E-005
  0.12304687500000000       0.16363643557185117        4.3972882578054308E-004   4.7753906250000734E-003   9.7057627056480012E-005
  0.12109375000000000       0.16135763658690053        4.5660325936816484E-004   4.7753906250000725E-003   9.7057627056480446E-005
  0.11914062500000000       0.15952977621318393        4.6722024116733639E-004   4.7656250000000736E-003   9.8422655506496523E-005
  0.11718750000000000       0.15767563502878768        4.6642573667500834E-004   4.7558593750000738E-003   9.8054939001955882E-005
  0.11523437500000000       0.15573167826675161        4.5031708859357501E-004   4.7460937500000723E-003   9.6933483817911382E-005
  0.11328125000000000       0.15385206887301384        4.5590108225954524E-004   4.7460937500000732E-003   9.6933483817910934E-005
  0.11132812500000000       0.15193596026210454        4.4790046777592167E-004   4.7460937500000714E-003   9.6933483817911165E-005
  0.10937500000000000       0.14992263674081863        4.4592915997671245E-004   4.7460937500000723E-003   9.6933483817911165E-005
  0.10742187500000000       0.14796366304956313        4.5637426340691364E-004   4.7363281250000716E-003   9.6039930561261667E-005
  0.10546875000000000       0.14599351801806074        4.5003548150157510E-004   4.7363281250000725E-003   9.6039930561260759E-005
  0.10351562500000000       0.14406555437174795        4.4408768970864162E-004   4.7363281250000708E-003   9.6039930561261450E-005
  0.10156250000000000       0.14208602222989955        4.5414669494180397E-004   4.7363281250000716E-003   9.6039930561261450E-005
   9.9609375000000000E-002  0.14021989189761869        4.5502049435221193E-004   4.7363281250000725E-003   9.6039930561260528E-005
   9.7656250000000000E-002  0.13829948961491073        4.5168202496681027E-004   4.7363281250000725E-003   9.6039930561260528E-005
   9.5703125000000000E-002  0.13638197179161998        4.4506076113085729E-004   4.7363281250000725E-003   9.6039930561260528E-005
   9.3750000000000000E-002  0.13434410765190269        4.3362886265531781E-004   4.7363281250000725E-003   9.6039930561260759E-005
   9.1796875000000000E-002  0.13241264530008739        4.1390565019502890E-004   4.7363281250000734E-003   9.6039930561260528E-005
   8.9843750000000000E-002  0.13047330550475794        4.0525919079445455E-004   4.7265625000000745E-003   9.4620182231565652E-005
   8.7890625000000000E-002  0.12853618962898292        4.0114583724127327E-004   4.7265625000000736E-003   9.4620182231565652E-005
   8.5937500000000000E-002  0.12662671951907351        3.9725813046987481E-004   4.7265625000000745E-003   9.4620182231565882E-005
   8.3984375000000000E-002  0.12471334761909951        3.9667503982775121E-004   4.7265625000000736E-003   9.4620182231565421E-005
   8.2031250000000000E-002  0.12288949961819261        3.9596298463747662E-004   4.7265625000000727E-003   9.4620182231566112E-005
   8.0078125000000000E-002  0.12116330965421424        3.8976165149927307E-004   4.7265625000000727E-003   9.4620182231566112E-005
   7.8125000000000000E-002  0.11930311204591044        3.9065689039385247E-004   4.7265625000000736E-003   9.4620182231565652E-005
   7.6171875000000000E-002  0.11732041294444301        3.9678300784821437E-004   4.7265625000000727E-003   9.4620182231566112E-005
   7.4218750000000000E-002  0.11556657271708501        3.9511133066032385E-004   4.7216796875000720E-003   9.4409970107423128E-005
   7.2265625000000000E-002  0.11375714107390503        3.9749496866742863E-004   4.7216796875000720E-003   9.4409970107423832E-005
   7.0312500000000000E-002  0.11186124887458319        3.9287612929596500E-004   4.7216796875000720E-003   9.4409970107424049E-005
   6.8359375000000000E-002  0.11012048318502834        3.9311565298685700E-004   4.7216796875000737E-003   9.4409970107423128E-005
   6.6406250000000000E-002  0.10833521653587928        3.9524109942421371E-004   4.7216796875000737E-003   9.4409970107422667E-005
   6.4453125000000000E-002  0.10641699725233746        3.9467278215151792E-004   4.7216796875000737E-003   9.4409970107422897E-005
   6.2500000000000000E-002  0.10464651292550826        3.9220276092201872E-004   4.7216796875000737E-003   9.4409970107423358E-005
   6.0546875000000000E-002  0.10283016032912755        3.9641204564098184E-004   4.7216796875000746E-003   9.4409970107422667E-005
   5.8593750000000000E-002  0.10106392854332157        3.9277715312052908E-004   4.7216796875000746E-003   9.4409970107422897E-005
   5.6640625000000000E-002   9.9293509146923573E-002   3.9136852544405530E-004   4.7167968750000747E-003   9.5213895257997589E-005
   5.4687500000000000E-002   9.7485228876344254E-002   3.8776124769423093E-004   4.7070312500000731E-003   9.5036677612068320E-005
   5.2734375000000000E-002   9.5605259657977115E-002   3.9187079542004119E-004   4.7070312500000723E-003   9.5036677612068537E-005
   5.0781250000000000E-002   9.3823951924333057E-002   3.8415402881622300E-004   4.7070312500000731E-003   9.5036677612068320E-005
   4.8828125000000000E-002   9.2052047051305486E-002   3.8592792616540451E-004   4.7070312500000731E-003   9.5036677612068089E-005
   4.6875000000000000E-002   9.0322574266261627E-002   3.8180468985363989E-004   4.7070312500000731E-003   9.5036677612067845E-005
   4.4921875000000000E-002   8.8577236184612551E-002   3.8741853548523422E-004   4.7070312500000731E-003   9.5036677612068089E-005
   4.2968750000000000E-002   8.6848224858885881E-002   3.8620085390532840E-004   4.7021484375000732E-003   9.4817229694340558E-005
   4.1015625000000000E-002   8.5108610623696221E-002   3.8319901542077634E-004   4.7021484375000741E-003   9.4817229694339406E-005
   3.9062500000000000E-002   8.3389702273673330E-002   3.8553792413506533E-004   4.7021484375000724E-003   9.4817229694341018E-005
   3.7109375000000000E-002   8.1683000089653707E-002   3.8085617281667352E-004   4.7021484375000732E-003   9.4817229694340558E-005
   3.5156250000000000E-002   7.9957861447538886E-002   3.8242642355673141E-004   4.7021484375000732E-003   9.4817229694340327E-005
   3.3203125000000000E-002   7.8274268777168199E-002   3.8166694728579051E-004   4.7070312500000740E-003   9.5036677612067845E-005
   3.1250000000000000E-002   7.6582399041703955E-002   3.8300837680946612E-004   4.6972656250000725E-003   9.4848973205295469E-005
   2.9296875000000000E-002   7.4891744846169506E-002   3.8516102690247555E-004   4.6972656250000733E-003   9.4848973205294778E-005
   2.7343750000000000E-002   7.3237384476827566E-002   3.9078786286805443E-004   4.6972656250000725E-003   9.4848973205294778E-005
   2.5390625000000000E-002   7.1603135292341871E-002   3.8615653548192889E-004   4.6972656250000733E-003   9.4848973205294317E-005
   2.3437500000000000E-002   6.9957164956531814E-002   3.8480438007192162E-004   4.6972656250000733E-003   9.4848973205295008E-005
   2.1484375000000000E-002   6.8315665198600856E-002   3.8494414366146621E-004   4.6923828125000752E-003   9.5131656692755927E-005
   1.9531250000000000E-002   6.6686009464938245E-002   3.8829957549721996E-004   4.6923828125000743E-003   9.5131656692756388E-005
   1.7578125000000000E-002   6.5118938199553847E-002   3.8864307583589251E-004   4.6923828125000743E-003   9.5131656692756388E-005
   1.5625000000000000E-002   6.3570803389091809E-002   3.8959002560463412E-004   4.6923828125000734E-003   9.5131656692757093E-005
   1.3671875000000000E-002   6.2039813082374218E-002   3.8826787171256620E-004   4.6923828125000743E-003   9.5131656692756862E-005
   1.1718750000000000E-002   6.0498030397365489E-002   3.8619473412780257E-004   4.6923828125000752E-003   9.5131656692755927E-005
   9.7656250000000000E-003   5.8990131115016595E-002   3.8695075719579885E-004   4.6875000000000744E-003   9.4395939321355744E-005
   7.8125000000000000E-003   5.7516535436606724E-002   3.8725697307955920E-004   4.6875000000000736E-003   9.4395939321356449E-005
   5.8593750000000000E-003   5.6095654824917102E-002   3.8794156938443467E-004   4.6875000000000736E-003   9.4395939321356449E-005
   3.9062500000000000E-003   5.4692164702358888E-002   3.8726992055124708E-004   4.6826171875000737E-003   9.4420173005905833E-005
   1.9531250000000000E-003   5.3342379395162405E-002   3.8616437168173106E-004   4.6826171875000745E-003   9.4420173005905602E-005
   0.0000000000000000        5.3342379395002408E-002   3.8616437169531470E-004   4.6826171875000745E-003   9.4420173005905602E-005
