   1.0000000000000000        1.5771397808879350        1.8471254174415217E-003  0.19560058593750082        7.1186545665819032E-004
  0.49902343750000000        1.3312283260819600        1.4577491327655498E-003  0.15158203125000194        6.3175443387749079E-004
  0.33203125000000000        1.1278597345488839        1.2900435883654144E-003  0.11701171875000106        5.1555945823771108E-004
  0.24853515625000000       0.97242421544770719        1.1776624682503488E-003   9.3706054687500123E-002   4.1082360021365942E-004
  0.19843749999999999       0.84956902047792093        1.0577644834846355E-003   7.8046874999999946E-002   3.6564132626286833E-004
  0.16503906250000000       0.75226772870806302        9.6586555750332312E-004   6.7104492187499934E-002   3.5498294159241612E-004
  0.14118303571428573       0.67341358873336599        9.4844377329732948E-004   5.9687499999999935E-002   3.4127649103426794E-004
  0.12329101562500000       0.60852114596168649        9.6736032086535318E-004   5.4194335937499928E-002   2.9692838879292831E-004
  0.10937500000000000       0.55455564616501896        9.6002312067608572E-004   5.0112304687499935E-002   3.1220200327159342E-004
   9.8242187499999994E-002  0.50954091103065746        9.6610397377669172E-004   4.7070312499999954E-002   2.9222799344159016E-004
   8.9133522727272721E-002  0.47130238255655543        9.3441493404871658E-004   4.4663085937499972E-002   3.0063291312513920E-004
   8.1542968750000000E-002  0.43838726753231988        9.0404951444320871E-004   4.2631835937499973E-002   2.8738287750192267E-004
   7.5120192307692304E-002  0.41037350703199293        8.8796430923611966E-004   4.1069335937499972E-002   2.6994285823682602E-004
   6.9614955357142863E-002  0.38636082706994768        8.7962582610362819E-004   3.9726562499999972E-002   2.5324524243745963E-004
   6.4843750000000006E-002  0.36493989848468372        8.6748923423244609E-004   3.8574218749999972E-002   2.4897556218710830E-004
   6.0668945312500000E-002  0.34589669026787029        8.3455438836433781E-004   3.7622070312499971E-002   2.3914505144037460E-004
   5.6985294117647058E-002  0.32945471611898952        8.2336779496617175E-004   3.6899414062499976E-002   2.4233420643517733E-004
   5.3710937500000000E-002  0.31457507186993622        8.1647116448630829E-004   3.6142578124999970E-002   2.4497568677090239E-004
   5.0781250000000000E-002  0.30149912609991025        8.0165010144733046E-004   3.5512695312499981E-002   2.4189654809999902E-004
   4.8144531249999997E-002  0.28979450114642713        7.9625198263496362E-004   3.5048828124999980E-002   2.3724478394344391E-004
   4.5758928571428568E-002  0.27914130745510485        8.0868068317281551E-004   3.4560546874999980E-002   2.4027078181467553E-004
   4.3590198863636360E-002  0.26963276023840294        8.1210768787640596E-004   3.4140624999999980E-002   2.4543729208412917E-004
   4.1610054347826088E-002  0.26097149423373844        8.2081631427045453E-004   3.3789062499999981E-002   2.4141271116844665E-004
   3.9794921875000000E-002  0.25301391889557373        8.2907547835285968E-004   3.3471679687499978E-002   2.3813588963711571E-004
   3.8124999999999999E-002  0.24573820440399563        8.2765567770636797E-004   3.3134765624999979E-002   2.4021464565447890E-004
   3.6583533653846152E-002  0.23922664382016506        8.4326403557657482E-004   3.2851562499999980E-002   2.3921603669888942E-004
   3.5156250000000000E-002  0.23301985230803399        8.4197850214673517E-004   3.2558593749999983E-002   2.4169984149334072E-004
   3.3830915178571432E-002  0.22742050716522155        8.3319681889050328E-004   3.2314453124999983E-002   2.3600311438682782E-004
   3.2596982758620691E-002  0.22224300628770138        8.3006255836196518E-004   3.2084960937499983E-002   2.3913699504437449E-004
   3.1445312500000003E-002  0.21736895683358248        8.3414836466992430E-004   3.1894531249999983E-002   2.3431334021621503E-004
   3.0367943548387094E-002  0.21283674180903628        8.2440280831352680E-004   3.1738281249999979E-002   2.3143009938465456E-004
   2.9357910156250000E-002  0.20863436042447919        8.1543916245138508E-004   3.1552734374999981E-002   2.3046866640447162E-004
   2.8409090909090908E-002  0.20473388823623251        8.0959400461973652E-004   3.1381835937499984E-002   2.3162305079943096E-004
   2.7516084558823529E-002  0.20115413997368412        8.0314134122363317E-004   3.1225585937499981E-002   2.3094831903951551E-004
   2.6674107142857142E-002  0.19765133494884560        7.9814570961380706E-004   3.1074218749999983E-002   2.3127603886763430E-004
   2.5878906250000000E-002  0.19441000263717459        8.0220736279348231E-004   3.0932617187499983E-002   2.2546069913041374E-004
   2.5126689189189189E-002  0.19138026558780497        8.0449629865285476E-004   3.0825195312499984E-002   2.2538377888908770E-004
   2.4414062500000000E-002  0.18855113264188905        8.0126671054669171E-004   3.0727539062499983E-002   2.2373220844524653E-004
   2.3737980769230768E-002  0.18589236670780174        7.9699994769647300E-004   3.0634765624999984E-002   2.2580704921781170E-004
   2.3095703124999999E-002  0.18339687176244646        7.9886193711288848E-004   3.0556640624999982E-002   2.2511916510323037E-004
   2.2484756097560975E-002  0.18102897438976537        7.9901751707848556E-004   3.0468749999999982E-002   2.2402748723116496E-004
   2.1902901785714284E-002  0.17881488434193352        7.9980508639063944E-004   3.0366210937499982E-002   2.2453162682567739E-004
   2.1348110465116279E-002  0.17672481072514107        7.9972510147074591E-004   3.0312499999999982E-002   2.2139768121751699E-004
   2.0818536931818180E-002  0.17474293136870864        7.9920087423450273E-004   3.0219726562499986E-002   2.1989309591189895E-004
   2.0312500000000001E-002  0.17285384697337858        8.0165888116327658E-004   3.0141601562499988E-002   2.2065403826249875E-004
   1.9828464673913044E-002  0.17105526714488778        7.9701175754852015E-004   3.0048828124999986E-002   2.2245463345943613E-004
   1.9365026595744680E-002  0.16933218872553091        8.0016691810258641E-004   2.9965820312499988E-002   2.2698089859954552E-004
   1.8920898437500000E-002  0.16766464637833883        8.0097669049922942E-004   2.9907226562499986E-002   2.2631360941954308E-004
   1.8494897959183673E-002  0.16607240092864564        8.0556056412518329E-004   2.9833984374999987E-002   2.2568756780690894E-004
   1.8085937500000000E-002  0.16462514106326689        8.0746433118129293E-004   2.9794921874999988E-002   2.2701537849703410E-004
   1.7693014705882353E-002  0.16319872346858375        8.0526281150558371E-004   2.9746093749999987E-002   2.2645243565861431E-004
   1.7315204326923076E-002  0.16184188592916127        8.0198353530791468E-004   2.9672851562499988E-002   2.2304224427423730E-004
   1.6951650943396228E-002  0.16052121302792940        7.9871079863136124E-004   2.9643554687499987E-002   2.2233280888539277E-004
   1.6601562500000000E-002  0.15928374560058745        7.9896359518332653E-004   2.9609374999999986E-002   2.2072660594563094E-004
   1.6264204545454547E-002  0.15810712447951178        7.9991796807258220E-004   2.9565429687499988E-002   2.2169063787029394E-004
   1.5938895089285716E-002  0.15696396272064495        8.0018395160817040E-004   2.9516601562499988E-002   2.2092890560705165E-004
   1.5625000000000000E-002  0.15586313846601596        8.0052421961747530E-004   2.9438476562499986E-002   2.2373651403061068E-004
   1.5321928879310345E-002  0.15477874394003349        8.0143738523241227E-004   2.9394531249999988E-002   2.2294990769219106E-004
   1.5029131355932205E-002  0.15378584588128430        8.0123860750809636E-004   2.9340820312499991E-002   2.2296016920081877E-004
   1.4746093750000001E-002  0.15283059633752161        8.0334024482739321E-004   2.9316406249999986E-002   2.2207540420827641E-004
   1.4472336065573771E-002  0.15185249327420097        8.0436462364972779E-004   2.9282226562499993E-002   2.2126439087850343E-004
   1.4207409274193547E-002  0.15097494245749554        8.0274561813899160E-004   2.9257812499999990E-002   2.2030723899440027E-004
   1.3950892857142856E-002  0.15010063687678202        8.0380812543357372E-004   2.9233398437499992E-002   2.2019516354721040E-004
   1.3702392578125000E-002  0.14928567835100515        8.0431328439683136E-004   2.9208984374999990E-002   2.2092945063882847E-004
   1.3461538461538462E-002  0.14848995804947399        8.0443467816675249E-004   2.9179687499999992E-002   2.2307085545586049E-004
   1.3227982954545454E-002  0.14771629823132121        8.0629713806204485E-004   2.9135742187499990E-002   2.2187306447633983E-004
   1.3001399253731344E-002  0.14695079783552922        8.0496894878445289E-004   2.9086914062499990E-002   2.2254501124742949E-004
   1.2781479779411764E-002  0.14620740807706378        8.0546277991830979E-004   2.9052734374999990E-002   2.2181281513934830E-004
   1.2567934782608696E-002  0.14551041819015262        8.0727922103261663E-004   2.9023437499999992E-002   2.2244380731011970E-004
   1.2360491071428571E-002  0.14482786396213637        8.0652825147065174E-004   2.8974609374999991E-002   2.2025694877429383E-004
   1.2158890845070422E-002  0.14415465945320297        8.0504317471054472E-004   2.8925781249999991E-002   2.1826894028956629E-004
   1.1962890625000000E-002  0.14350672563659475        8.0429710869039700E-004   2.8896484374999989E-002   2.2071133052144467E-004
   1.1772260273972603E-002  0.14287362152978988        8.0418679405608816E-004   2.8867187499999992E-002   2.2168031759548521E-004
   1.1586782094594595E-002  0.14226680883603704        8.0645824907054893E-004   2.8837890624999991E-002   2.2141290928992264E-004
   1.1406250000000000E-002  0.14165404127320996        8.0781369209598686E-004   2.8784179687499991E-002   2.2114681112727326E-004
   1.1230468750000000E-002  0.14105658455245726        8.0856582925173241E-004   2.8764648437499991E-002   2.2198592010400103E-004
   1.1059253246753246E-002  0.14048450407782334        8.1013886919595584E-004   2.8735351562499990E-002   2.2201629450984629E-004
   1.0892427884615384E-002  0.13992329298849340        8.0861417539736301E-004   2.8691406249999992E-002   2.2013664296725933E-004
   1.0729825949367089E-002  0.13941599027149684        8.0789460559611728E-004   2.8642578124999991E-002   2.2025694877429383E-004
   1.0571289062499999E-002  0.13888605727228304        8.0651503811523043E-004   2.8618164062499993E-002   2.1978354865687040E-004
   1.0416666666666666E-002  0.13838156158185871        8.0569695761877112E-004   2.8618164062499993E-002   2.1978354865687040E-004
   1.0265815548780487E-002  0.13788506447249987        8.0547542374862792E-004   2.8588867187499992E-002   2.1972656249998404E-004
   1.0118599397590361E-002  0.13740149055739451        8.0333809651778466E-004   2.8564453124999990E-002   2.2159556453370580E-004
   9.9748883928571421E-003  0.13694745139951475        8.0598104608480979E-004   2.8544921874999990E-002   2.2202117572319905E-004
   9.8345588235294115E-003  0.13647623536980807        8.0614702627847484E-004   2.8496093749999993E-002   2.2159773809405856E-004
   9.6974927325581394E-003  0.13600806811298710        8.0475839715586606E-004   2.8471679687499991E-002   2.1987119082731175E-004
   9.5635775862068957E-003  0.13558558657025238        8.0553336964616013E-004   2.8457031249999990E-002   2.1980381901497338E-004
   9.4327059659090901E-003  0.13516118021620727        8.0529744524784398E-004   2.8432617187499992E-002   2.1879075236350080E-004
   9.3047752808988766E-003  0.13474552004058946        8.0809175188840845E-004   2.8403320312499990E-002   2.2034822796407260E-004
   9.1796875000000003E-003  0.13435223807190624        8.0763732757244849E-004   2.8393554687499992E-002   2.2081987221084218E-004
   9.0573489010989019E-003  0.13395716701430183        8.0884704423522997E-004   2.8354492187499990E-002   2.2243677003050654E-004
   8.9376698369565220E-003  0.13356015980936914        8.0878563245167514E-004   2.8330078124999991E-002   2.2273160371517322E-004
   8.8205645161290331E-003  0.13317414920309639        8.0803995292945386E-004   2.8281249999999990E-002   2.2323920921347491E-004
   8.7059507978723399E-003  0.13278371982915460        8.1087544651992972E-004   2.8247070312499990E-002   2.2320630388175498E-004
   8.5937500000000007E-003  0.13239202116669582        8.1024698169280597E-004   2.8212890624999990E-002   2.2462652959302667E-004
   8.4838867187500000E-003  0.13202834732477930        8.1066478534444800E-004   2.8193359374999991E-002   2.2463081803658749E-004
   8.3762886597938142E-003  0.13165567288283367        8.1213487514717624E-004   2.8154296874999991E-002   2.2587103111768492E-004
   8.2708864795918366E-003  0.13131161804934693        8.1349524637388052E-004   2.8134765624999992E-002   2.2593073121002406E-004
   8.1676136363636360E-003  0.13098209608138173        8.1363044181585861E-004   2.8115234374999992E-002   2.2565341864096418E-004
   8.0664062499999998E-003  0.13066046128723943        8.1399987995820335E-004   2.8100585937499992E-002   2.2535385837136736E-004
   7.9672029702970298E-003  0.13033651146308542        8.1461661250618411E-004   2.8085937499999991E-002   2.2310971759840161E-004
   7.8699448529411763E-003  0.13000530521405021        8.1424403625957585E-004   2.8046874999999992E-002   2.2438409939632857E-004
   7.7745752427184466E-003  0.12968341683963003        8.1472558061881852E-004   2.8037109374999990E-002   2.2404683617856252E-004
   7.6810396634615381E-003  0.12938980547626538        8.1632761499233835E-004   2.8022460937499990E-002   2.2315450861497112E-004
   7.5892857142857151E-003  0.12908811010461327        8.1608308389053146E-004   2.8017578124999991E-002   2.2357338208238444E-004
   7.4992629716981139E-003  0.12880173609135354        8.1649095810749461E-004   2.7998046874999991E-002   2.2480228869611830E-004
   7.4109228971962621E-003  0.12851133358374903        8.1723247197603831E-004   2.7983398437499991E-002   2.2581504794670095E-004
   7.3242187500000000E-003  0.12823035752116954        8.1753840004959960E-004   2.7968749999999990E-002   2.2446565381530796E-004
   7.2391055045871559E-003  0.12797497930886176        8.1845900475856215E-004   2.7949218749999991E-002   2.2618002181837849E-004
   7.1555397727272735E-003  0.12772124848405833        8.1968947374503264E-004   2.7919921874999989E-002   2.2726983733217066E-004
   7.0734797297297303E-003  0.12747437735797723        8.2287854225179585E-004   2.7910156249999991E-002   2.2825740625939304E-004
   6.9928850446428579E-003  0.12722376797147011        8.2424876886455815E-004   2.7900390624999990E-002   2.2839452377987338E-004
   6.9137168141592924E-003  0.12697493944573249        8.2420990014933095E-004   2.7880859374999990E-002   2.2833968665233735E-004
   6.8359375000000000E-003  0.12674453320950083        8.2546795196234324E-004   2.7861328124999991E-002   2.2837343413525902E-004
   6.7595108695652165E-003  0.12651412215378491        8.2672083612526405E-004   2.7851562499999993E-002   2.2796179609228703E-004
   6.6844019396551727E-003  0.12628152705020163        8.2739222509591297E-004   2.7846679687499990E-002   2.2780697577397155E-004
   6.6105769230769239E-003  0.12606433996706468        8.2804853700176972E-004   2.7836914062499992E-002   2.2865534715415294E-004
   6.5380031779661025E-003  0.12584310536596441        8.2922225836390743E-004   2.7832031249999990E-002   2.2881380348070611E-004
   6.4666491596638651E-003  0.12563449346938727        8.3062942875394895E-004   2.7812499999999990E-002   2.2964587170221226E-004
   6.3964843750000007E-003  0.12541176767772541        8.3154480615380867E-004   2.7797851562499989E-002   2.2905101958202415E-004
   6.3274793388429749E-003  0.12519223898185794        8.3269614813293903E-004   2.7773437499999991E-002   2.2978844899692127E-004
   6.2596055327868855E-003  0.12497560319878520        8.3450305151723232E-004   2.7768554687499992E-002   2.3045560423446375E-004
   6.1928353658536588E-003  0.12476742004960258        8.3545189516308403E-004   2.7753906249999991E-002   2.3077567545267162E-004
   6.1271421370967735E-003  0.12457507556896327        8.3663107744315378E-004   2.7749023437499992E-002   2.3039289550974362E-004
   6.0625000000000002E-003  0.12438057711080941        8.3808656395985314E-004   2.7719726562499991E-002   2.2921918367097864E-004
   5.9988839285714281E-003  0.12418147098110063        8.3837857538211910E-004   2.7700195312499992E-002   2.2984870323733100E-004
   5.9362696850393699E-003  0.12398989553828058        8.3984295384103278E-004   2.7695312499999993E-002   2.2924282185257427E-004
   5.8746337890625000E-003  0.12380629277751914        8.4036813144155347E-004   2.7685546874999991E-002   2.2928693993799171E-004
   5.8139534883720929E-003  0.12361603253983602        8.4120731317085336E-004   2.7670898437499990E-002   2.2934522581952204E-004
   5.7542067307692311E-003  0.12344095799566586        8.4157266441573940E-004   2.7661132812499992E-002   2.2969358204573162E-004
   5.6953721374045805E-003  0.12327058511041519        8.4146999208837973E-004   2.7661132812499992E-002   2.2969358204572859E-004
   5.6374289772727270E-003  0.12309252093784888        8.4167086631045597E-004   2.7656249999999990E-002   2.3012776253559749E-004
   5.5803571428571430E-003  0.12292910278299338        8.4131314538465516E-004   2.7636718749999990E-002   2.3059611433211567E-004
   5.5241371268656718E-003  0.12276081716537433        8.4250505540455335E-004   2.7626953124999992E-002   2.3040596123484540E-004
   5.4687499999999997E-003  0.12259253706102820        8.4263043032148865E-004   2.7622070312499990E-002   2.2989060991630031E-004
   5.4141773897058822E-003  0.12243584688102356        8.4292442898252604E-004   2.7622070312499990E-002   2.2989060991630334E-004
   5.3604014598540150E-003  0.12227181857037904        8.4240417358353561E-004   2.7617187499999991E-002   2.2895269151304286E-004
   5.3074048913043480E-003  0.12212570922459187        8.4209914064997757E-004   2.7612304687499992E-002   2.2853735486420840E-004
   5.2551708633093528E-003  0.12198112638020214        8.4182905448376612E-004   2.7602539062499990E-002   2.2844038703428573E-004
   5.2036830357142854E-003  0.12184085525004405        8.4178566767530280E-004   2.7597656249999991E-002   2.2802094878442638E-004
   5.1529255319148932E-003  0.12169903969991877        8.4136897742001049E-004   2.7592773437499992E-002   2.2844460388276910E-004
   5.1028829225352110E-003  0.12154976840455661        8.4070369555928046E-004   2.7573242187499993E-002   2.2865113419225937E-004
   5.0535402097902100E-003  0.12141715792170045        8.4067476727883142E-004   2.7568359374999990E-002   2.2812020632091327E-004
   5.0048828125000000E-003  0.12127372299254292        8.4125876649924331E-004   2.7553710937499989E-002   2.2799718392210798E-004
   4.9568965517241383E-003  0.12113732220970182        8.4099526849338907E-004   2.7548828124999990E-002   2.2777790220885431E-004
   4.9095676369863015E-003  0.12101086229091057        8.4122846635536520E-004   2.7539062499999992E-002   2.2775887022935580E-004
   4.8628826530612247E-003  0.12087162183216778        8.4255056732886950E-004   2.7524414062499992E-002   2.2877748930090198E-004
   4.8168285472972973E-003  0.12074911816185026        8.4246850631412471E-004   2.7524414062499992E-002   2.2782811785463422E-004
   4.7713926174496645E-003  0.12060366931213125        8.4197532934183041E-004   2.7509765624999991E-002   2.2746472966352296E-004
   4.7265624999999999E-003  0.12047826670602164        8.4211578940435845E-004   2.7490234374999992E-002   2.2770599527327957E-004
   4.6823261589403970E-003  0.12035165968794041        8.4145350505677313E-004   2.7485351562499993E-002   2.2726083011505278E-004
   4.6386718750000000E-003  0.12022010066720647        8.4122483132868732E-004   2.7480468749999990E-002   2.2713204084986150E-004
   4.5955882352941178E-003  0.12008909138047433        8.4124756055690888E-004   2.7475585937499991E-002   2.2753194995548155E-004
   4.5530641233766230E-003  0.11995751050881197        8.4085488337303882E-004   2.7465820312499990E-002   2.2737524822121773E-004
   4.5110887096774192E-003  0.11984135151790594        8.4042666259802161E-004   2.7465820312499990E-002   2.2737524822122080E-004
   4.4696514423076920E-003  0.11972252693444897        8.4029463156896542E-004   2.7460937499999991E-002   2.2766580209373014E-004
   4.4287420382165604E-003  0.11960016219966998        8.3992145457704374E-004   2.7446289062499990E-002   2.2683655663609646E-004
   4.3883504746835443E-003  0.11948258679153610        8.3972410334967314E-004   2.7426757812499990E-002   2.2617310078951685E-004
   4.3484669811320754E-003  0.11936861474533521        8.3948296516306883E-004   2.7421874999999991E-002   2.2549754744755754E-004
   4.3090820312499997E-003  0.11925528321109097        8.3906700519406369E-004   2.7407226562499991E-002   2.2602398103613604E-004
   4.2701863354037270E-003  0.11912381414251488        8.3898778693059092E-004   2.7407226562499991E-002   2.2602398103613604E-004
   4.2317708333333330E-003  0.11899868619293505        8.3933653341790369E-004   2.7397460937499993E-002   2.2626252546795671E-004
   4.1938266871165645E-003  0.11889430123284830        8.3980465662344722E-004   2.7382812499999992E-002   2.2666503116880199E-004
   4.1563452743902437E-003  0.11878557392408207        8.4096789369210250E-004   2.7373046874999991E-002   2.2805685543343459E-004
   4.1193181818181815E-003  0.11868047586301163        8.4098722679455933E-004   2.7368164062499992E-002   2.2853735486420840E-004
   4.0827371987951803E-003  0.11856563710250143        8.4180456443696031E-004   2.7363281249999993E-002   2.2785612808987028E-004
   4.0465943113772457E-003  0.11846445446525024        8.4262040558380805E-004   2.7353515624999991E-002   2.2754517995715004E-004
   4.0108816964285711E-003  0.11835589462900098        8.4197800239808136E-004   2.7348632812499992E-002   2.2696392195664081E-004
   3.9755917159763317E-003  0.11825353381850441        8.4191258052572612E-004   2.7338867187499991E-002   2.2770546646172068E-004
   3.9407169117647058E-003  0.11815873387765008        8.4252298755796168E-004   2.7338867187499991E-002   2.2770546646172068E-004
   3.9062500000000000E-003  0.11806114424373552        8.4221270152558259E-004   2.7329101562499993E-002   2.2791266656506463E-004
   3.8721838662790697E-003  0.11795569706505234        8.4277435759013732E-004   2.7324218749999990E-002   2.2817298529110579E-004
   3.8385115606936419E-003  0.11786195968248209        8.4281424264436835E-004   2.7319335937499991E-002   2.2885326887959963E-004
   3.8052262931034479E-003  0.11776683556920232        8.4258899006298235E-004   2.7309570312499989E-002   2.2905101958203025E-004
   3.7723214285714287E-003  0.11766880610902616        8.4272646068777354E-004   2.7294921874999992E-002   2.2738848734016811E-004
   3.7397904829545451E-003  0.11757000443417159        8.4238447615598666E-004   2.7294921874999992E-002   2.2738848734016811E-004
   3.7076271186440675E-003  0.11746577409804143        8.4120810767737144E-004   2.7285156249999991E-002   2.2768272640255946E-004
   3.6758251404494383E-003  0.11737437541107074        8.4258370916039604E-004   2.7275390624999993E-002   2.2818353962020797E-004
   3.6443784916201120E-003  0.11727931367257539        8.4218345918972046E-004   2.7265624999999991E-002   2.2709386704091518E-004
   3.6132812500000002E-003  0.11719148679439505        8.4200867518326985E-004   2.7255859374999990E-002   2.2705780810613666E-004
   3.5825276243093927E-003  0.11710409640883007        8.4228676738008486E-004   2.7255859374999990E-002   2.2705780810613666E-004
   3.5521119505494509E-003  0.11701674724158581        8.4241215575165730E-004   2.7231445312499991E-002   2.2721419881248039E-004
   3.5220286885245897E-003  0.11693093986084069        8.4171401256015466E-004   2.7226562499999992E-002   2.2703022976221888E-004
   3.4922724184782610E-003  0.11683850686507499        8.4114690418159448E-004   2.7221679687499990E-002   2.2695118864107873E-004
   3.4628378378378380E-003  0.11675531070455480        8.4162252782649821E-004   2.7221679687499990E-002   2.2695118864107873E-004
   3.4337197580645165E-003  0.11666402578479142        8.4127806501313549E-004   2.7216796874999991E-002   2.2687105847069938E-004
   3.4049131016042778E-003  0.11657552085414469        8.4141084636585718E-004   2.7202148437499990E-002   2.2810700967025986E-004
   3.3764128989361699E-003  0.11649199437670293        8.4138279349357543E-004   2.7202148437499990E-002   2.2810700967025675E-004
   3.3482142857142860E-003  0.11640357285772764        8.4176040911553040E-004   2.7197265624999991E-002   2.2749437255538139E-004
   3.3203125000000003E-003  0.11631857977024257        8.4129961215517204E-004   2.7197265624999991E-002   2.2749437255538139E-004
   3.2927028795811516E-003  0.11624191089907847        8.4127918724982861E-004   2.7187499999999989E-002   2.2626092890863230E-004
   3.2653808593750000E-003  0.11616112508042693        8.4025075318398140E-004   2.7177734374999991E-002   2.2565768756933159E-004
   3.2383419689119173E-003  0.11608242807394978        8.3988047479027599E-004   2.7167968749999990E-002   2.2547618683790667E-004
   3.2115818298969071E-003  0.11600573651437990        8.3912493733769575E-004   2.7163085937499991E-002   2.2484888467313964E-004
   3.1850961538461538E-003  0.11592873384088494        8.3834891899313966E-004   2.7163085937499991E-002   2.2484888467313964E-004
   3.1588807397959183E-003  0.11585378419099834        8.3768721520743731E-004   2.7158203124999992E-002   2.2518334245340900E-004
   3.1329314720812181E-003  0.11577628115171375        8.3718389115961726E-004   2.7148437499999990E-002   2.2424238175274745E-004
   3.1072443181818180E-003  0.11570802763103219        8.3710415012991693E-004   2.7148437499999990E-002   2.2424238175274745E-004
   3.0818153266331657E-003  0.11563484781982777        8.3688523135410015E-004   2.7148437499999990E-002   2.2424238175274431E-004
   3.0566406249999999E-003  0.11555868247692987        8.3599331783096428E-004   2.7143554687499991E-002   2.2371498527516838E-004
   3.0317164179104478E-003  0.11549251848607256        8.3575250875346648E-004   2.7138671874999992E-002   2.2329314188979330E-004
   3.0070389851485149E-003  0.11542434353325877        8.3535197048840060E-004   2.7128906249999991E-002   2.2320036961715083E-004
   2.9826046798029559E-003  0.11535239583112045        8.3496531640524056E-004   2.7119140624999993E-002   2.2245463345944559E-004
   2.9584099264705881E-003  0.11528201780069569        8.3424607128619686E-004   2.7109374999999991E-002   2.2235284684534994E-004
   2.9344512195121951E-003  0.11521386444977758        8.3368343827725942E-004   2.7104492187499992E-002   2.2235447146566143E-004
   2.9107251213592233E-003  0.11515176709545254        8.3386468343526403E-004   2.7104492187499992E-002   2.2235447146566143E-004
   2.8872282608695650E-003  0.11508599367005592        8.3328827667735730E-004   2.7099609374999990E-002   2.2170421644734239E-004
   2.8639573317307690E-003  0.11502357997713770        8.3324159169887704E-004   2.7094726562499991E-002   2.2159502114029272E-004
   2.8409090909090910E-003  0.11496340337101781        8.3250722890962879E-004   2.7089843749999992E-002   2.2083132324698666E-004
   2.8180803571428575E-003  0.11490156648472306        8.3174189942987150E-004   2.7089843749999992E-002   2.2083132324698978E-004
   2.7954680094786728E-003  0.11482891679415917        8.3050096172170083E-004   2.7075195312499991E-002   2.2081987221084852E-004
   2.7730689858490570E-003  0.11475197066444937        8.2970227477911795E-004   2.7070312499999992E-002   2.2059563941488397E-004
   2.7508802816901406E-003  0.11467805097611720        8.2878623060151301E-004   2.7055664062499991E-002   2.1936677017281246E-004
   2.7288989485981310E-003  0.11461790523248866        8.2825665428358053E-004   2.7055664062499991E-002   2.1936677017281246E-004
   2.7071220930232559E-003  0.11455658963077814        8.2760219595031108E-004   2.7055664062499991E-002   2.1936677017281246E-004
   2.6855468750000000E-003  0.11449279679758138        8.2780539001259116E-004   2.7050781249999992E-002   2.1990459520784198E-004
   2.6641705069124421E-003  0.11443071188173787        8.2743060066412378E-004   2.7041015624999991E-002   2.1977094722168650E-004
   2.6429902522935780E-003  0.11436175061218488        8.2650691733287195E-004   2.7026367187499990E-002   2.1928771235525335E-004
   2.6220034246575343E-003  0.11429729515997998        8.2664113577751003E-004   2.7026367187499990E-002   2.1928771235525335E-004
   2.6012073863636367E-003  0.11423907842365216        8.2605723927425530E-004   2.7021484374999991E-002   2.1872084562324359E-004
   2.5805995475113126E-003  0.11418133982535561        8.2583867953479482E-004   2.7021484374999991E-002   2.1872084562324359E-004
   2.5601773648648652E-003  0.11412211950870428        8.2519346957727420E-004   2.7016601562499992E-002   2.1881276560953151E-004
   2.5399383408071753E-003  0.11406157834405029        8.2481123728976678E-004   2.7011718749999990E-002   2.1890354685007735E-004
   2.5198800223214289E-003  0.11400736590053287        8.2487487435174527E-004   2.7001953124999992E-002   2.1853137961075543E-004
   2.4999999999999996E-003  0.11394649448624147        8.2392323829868325E-004   2.7001953124999992E-002   2.1853137961075543E-004
   2.4802959070796462E-003  0.11389517277981463        8.2370841418789929E-004   2.7001953124999992E-002   2.1853137961075543E-004
   2.4607654185022027E-003  0.11383554984139152        8.2337380941525375E-004   2.6987304687499991E-002   2.1934042073308525E-004
   2.4414062500000000E-003  0.11378019757508068        8.2338479801133543E-004   2.6987304687499991E-002   2.1934042073308525E-004
   2.4222161572052398E-003  0.11372232954493004        8.2296784943821125E-004   2.6967773437499992E-002   2.1713339857575459E-004
   2.4031929347826083E-003  0.11365955018416159        8.2294007724356168E-004   2.6958007812499990E-002   2.1828824804555813E-004
   2.3843344155844159E-003  0.11360237187310085        8.2247765039997786E-004   2.6958007812499990E-002   2.1828824804555813E-004
   2.3656384698275863E-003  0.11354229514869289        8.2199775073309666E-004   2.6958007812499990E-002   2.1828824804555813E-004
   2.3471030042918452E-003  0.11349035436290791        8.2188301287007114E-004   2.6948242187499992E-002   2.1954235228601143E-004
   2.3287259615384619E-003  0.11343368077637740        8.2143739072941990E-004   2.6948242187499992E-002   2.1954235228601143E-004
   2.3105053191489365E-003  0.11338010834427398        8.2180161332015404E-004   2.6943359374999989E-002   2.1950779566083539E-004
   2.2924390889830512E-003  0.11332474821583340        8.2223616094780419E-004   2.6943359374999989E-002   2.1950779566083539E-004
   2.2745253164556962E-003  0.11327239614493298        8.2229762616307901E-004   2.6943359374999989E-002   2.1950779566083539E-004
   2.2567620798319326E-003  0.11322462853584217        8.2238581646974849E-004   2.6933593749999991E-002   2.1932559778211437E-004
   2.2391474895397494E-003  0.11317577987400634        8.2246456907901879E-004   2.6928710937499992E-002   2.2005512576762942E-004
   2.2216796875000003E-003  0.11312833758187012        8.2271772941217816E-004   2.6928710937499992E-002   2.2005512576762942E-004
   2.2043568464730290E-003  0.11308213137053408        8.2289993800191018E-004   2.6928710937499992E-002   2.2005512576762942E-004
   2.1871771694214875E-003  0.11303322665460619        8.2299429513130412E-004   2.6928710937499992E-002   2.2005512576762942E-004
   2.1701388888888890E-003  0.11298210732456822        8.2234249403874990E-004   2.6923828124999990E-002   2.1924872196622228E-004
   2.1532402663934427E-003  0.11293742763230886        8.2234699805511387E-004   2.6923828124999990E-002   2.1924872196622228E-004
   2.1364795918367343E-003  0.11289456086770738        8.2193736699534450E-004   2.6923828124999990E-002   2.1924872196622228E-004
   2.1198551829268294E-003  0.11285186421479955        8.2210791787567150E-004   2.6923828124999990E-002   2.1924872196622228E-004
   2.1033653846153849E-003  0.11280563945332087        8.2200868666704500E-004   2.6914062499999992E-002   2.1960651444900562E-004
   2.0870085685483868E-003  0.11276059410518606        8.2226437654807209E-004   2.6909179687499993E-002   2.1945457878946596E-004
   2.0707831325301202E-003  0.11271705504365243        8.2221902213000107E-004   2.6909179687499993E-002   2.1945457878946596E-004
   2.0546875000000001E-003  0.11267049390496997        8.2205159192542780E-004   2.6904296874999990E-002   2.1952096073090768E-004
   2.0387201195219123E-003  0.11262607695592335        8.2205540190111517E-004   2.6899414062499991E-002   2.1969587152378747E-004
   2.0228794642857140E-003  0.11258106022830532        8.2249053720603849E-004   2.6899414062499991E-002   2.1969587152378747E-004
   2.0071640316205530E-003  0.11254070272688729        8.2258023625971064E-004   2.6899414062499991E-002   2.1969587152378747E-004
   1.9915723425196850E-003  0.11249631032311241        8.2245911487591856E-004   2.6894531249999992E-002   2.1932120560424795E-004
   1.9761029411764705E-003  0.11245809775914659        8.2250033981805747E-004   2.6894531249999992E-002   2.1932120560424795E-004
   1.9607543945312500E-003  0.11242010690521401        8.2243866422040371E-004   2.6894531249999992E-002   2.1932120560424795E-004
   1.9455252918287938E-003  0.11237701793923195        8.2259658794545858E-004   2.6894531249999992E-002   2.1932120560424795E-004
   1.9304142441860465E-003  0.11234242819472580        8.2254374848514215E-004   2.6894531249999992E-002   2.1932120560424795E-004
   1.9154198841698842E-003  0.11230657578606618        8.2250335393286298E-004   2.6894531249999992E-002   2.1932120560424795E-004
   1.9005408653846156E-003  0.11227000088221470        8.2256040445379246E-004   2.6894531249999992E-002   2.1932120560424795E-004
   1.8857758620689654E-003  0.11223523676024176        8.2252203951833761E-004   2.6889648437499990E-002   2.1982299195770226E-004
   1.8711235687022903E-003  0.11219905086584685        8.2272673269981854E-004   2.6884765624999991E-002   2.2054104707311018E-004
   1.8565826996197717E-003  0.11216257152724300        8.2274621903221377E-004   2.6879882812499992E-002   2.2060164374769408E-004
   1.8421519886363635E-003  0.11212236928063833        8.2334270321144656E-004   2.6879882812499992E-002   2.2060164374769408E-004
   1.8278301886792453E-003  0.11208771124863562        8.2353837295303311E-004   2.6874999999999993E-002   2.2022414461749922E-004
   1.8136160714285715E-003  0.11205277665197098        8.2372514966168201E-004   2.6874999999999993E-002   2.2022414461749922E-004
   1.7995084269662922E-003  0.11201491733010437        8.2347680243508351E-004   2.6870117187499990E-002   2.2126439087851295E-004
   1.7855060634328359E-003  0.11197513923819588        8.2460623897961504E-004   2.6865234374999991E-002   2.2186492363014944E-004
   1.7716078066914499E-003  0.11193528104965875        8.2573726558547635E-004   2.6860351562499992E-002   2.2213775060025867E-004
   1.7578124999999998E-003  0.11189171668388793        8.2676008214165530E-004   2.6850585937499991E-002   2.2246275272568781E-004
   1.7441190036900367E-003  0.11185096402676969        8.2772848421803938E-004   2.6850585937499991E-002   2.2246275272568781E-004
   1.7305261948529411E-003  0.11181438636032949        8.2835435347112965E-004   2.6850585937499991E-002   2.2246275272568781E-004
   1.7170329670329670E-003  0.11177721611822665        8.2873276651283996E-004   2.6850585937499991E-002   2.2246275272568781E-004
   1.7036382299270075E-003  0.11174367256032246        8.2883879674338756E-004   2.6840820312499993E-002   2.2289102990827461E-004
   1.6903409090909091E-003  0.11170738731837292        8.2919807750740009E-004   2.6835937499999990E-002   2.2261696252049053E-004
   1.6771399456521740E-003  0.11167175628331000        8.2956704888757630E-004   2.6835937499999990E-002   2.2261696252049053E-004
   1.6640342960288807E-003  0.11163597875105184        8.2995482488637041E-004   2.6835937499999990E-002   2.2261696252049053E-004
   1.6510229316546764E-003  0.11160248842248663        8.2964313411732957E-004   2.6831054687499991E-002   2.2266617894278065E-004
   1.6381048387096773E-003  0.11156874243590779        8.2996580511860937E-004   2.6831054687499991E-002   2.2266617894278065E-004
   1.6252790178571427E-003  0.11153620011340891        8.3022920580118147E-004   2.6831054687499991E-002   2.2266617894278065E-004
   1.6125444839857651E-003  0.11150619270704705        8.3044041880379264E-004   2.6831054687499991E-002   2.2266617894278065E-004
   1.5999002659574466E-003  0.11147503526288294        8.3059590821192976E-004   2.6826171874999992E-002   2.2271430316531788E-004
   1.5873454063604240E-003  0.11143968070312889        8.3063171113206477E-004   2.6826171874999992E-002   2.2271430316531788E-004
   1.5748789612676055E-003  0.11140767292340686        8.3114536931184362E-004   2.6826171874999992E-002   2.2271430316531788E-004
   1.5625000000000001E-003  0.11137727440044275        8.3122636382979270E-004   2.6821289062499989E-002   2.2286941948071099E-004
   1.5502076048951050E-003  0.11134480808421682        8.3142784724943449E-004   2.6816406249999990E-002   2.2302334808541480E-004
   1.5380008710801393E-003  0.11130958175922823        8.3125993768027511E-004   2.6811523437499991E-002   2.2263589320124043E-004
   1.5258789062500000E-003  0.11127577957146415        8.3145265742307745E-004   2.6811523437499991E-002   2.2263589320124043E-004
   1.5138408304498272E-003  0.11124260084945464        8.3164537903292180E-004   2.6806640624999992E-002   2.2311187640784548E-004
   1.5018857758620691E-003  0.11120817135785645        8.3184263154773724E-004   2.6796874999999991E-002   2.2341174794867895E-004
   1.4900128865979381E-003  0.11116956952571234        8.3234276963625362E-004   2.6796874999999991E-002   2.2341174794867895E-004
   1.4782213184931507E-003  0.11113860459172395        8.3256984094559443E-004   2.6796874999999991E-002   2.2341174794867895E-004
   1.4665102389078500E-003  0.11110433513986280        8.3303545471889761E-004   2.6796874999999991E-002   2.2341174794868212E-004
   1.4548788265306123E-003  0.11107155634815745        8.3336566956677732E-004   2.6791992187499992E-002   2.2409788787970263E-004
   1.4433262711864405E-003  0.11104148492486333        8.3359804893294782E-004   2.6791992187499992E-002   2.2409788787970574E-004
   1.4318517736486487E-003  0.11100960346294542        8.3393543318826516E-004   2.6782226562499990E-002   2.2471174705781426E-004
   1.4204545454545455E-003  0.11097603496716914        8.3451122745777681E-004   2.6782226562499990E-002   2.2471174705781114E-004
   1.4091338087248322E-003  0.11094573076652287        8.3482291743855344E-004   2.6782226562499990E-002   2.2471174705781114E-004
   1.3978887959866220E-003  0.11090749998756763        8.3589449651076523E-004   2.6762695312499991E-002   2.2506727503696306E-004
   1.3867187499999999E-003  0.11087281045573855        8.3646747567758405E-004   2.6762695312499991E-002   2.2506727503696306E-004
   1.3756229235880398E-003  0.11083900118806975        8.3645835602794497E-004   2.6752929687499993E-002   2.2438141618161088E-004
   1.3646005794701985E-003  0.11080715931967394        8.3649356629269286E-004   2.6752929687499993E-002   2.2438141618161088E-004
   1.3536509900990098E-003  0.11077714404630995        8.3621760197639928E-004   2.6752929687499993E-002   2.2438141618161088E-004
   1.3427734375000000E-003  0.11074766740596628        8.3635772669311446E-004   2.6752929687499993E-002   2.2438141618161088E-004
   1.3319672131147540E-003  0.11071895616423344        8.3644665549999881E-004   2.6748046874999990E-002   2.2441200292760356E-004
   1.3212316176470589E-003  0.11068705655624893        8.3638968448197944E-004   2.6748046874999990E-002   2.2441200292760356E-004
   1.3105659609120523E-003  0.11065806395770672        8.3641036726093217E-004   2.6748046874999990E-002   2.2441200292760039E-004
   1.2999695616883115E-003  0.11063019009584650        8.3653880052499672E-004   2.6748046874999990E-002   2.2441200292760356E-004
   1.2894417475728154E-003  0.11059756838664464        8.3671819095265990E-004   2.6743164062499991E-002   2.2422680882437830E-004
   1.2789818548387096E-003  0.11056851822734369        8.3685147636675670E-004   2.6743164062499991E-002   2.2422680882437513E-004
   1.2685892282958198E-003  0.11054209674076759        8.3670542077710997E-004   2.6743164062499991E-002   2.2422680882437513E-004
   1.2582632211538460E-003  0.11051337612839757        8.3689287435019803E-004   2.6743164062499991E-002   2.2422680882437513E-004
   1.2480031948881791E-003  0.11048254155144703        8.3698861911562659E-004   2.6733398437499990E-002   2.2396029040695322E-004
   1.2378085191082802E-003  0.11045777806938338        8.3698107090212953E-004   2.6728515624999991E-002   2.2452358237448874E-004
   1.2276785714285714E-003  0.11043030290976230        8.3725567406536306E-004   2.6728515624999991E-002   2.2452358237448874E-004
   1.2176127373417721E-003  0.11040160335892626        8.3737887308954939E-004   2.6718749999999993E-002   2.2478729023519428E-004
   1.2076104100946371E-003  0.11036883772225015        8.3758786019282939E-004   2.6708984374999991E-002   2.2504640864832643E-004
   1.1976709905660377E-003  0.11033472195510491        8.3836764579442414E-004   2.6708984374999991E-002   2.2504640864832331E-004
   1.1877938871473355E-003  0.11030613665406960        8.3874853668164232E-004   2.6704101562499992E-002   2.2453162682568051E-004
   1.1779785156249998E-003  0.11027652212614812        8.3884110079685708E-004   2.6704101562499992E-002   2.2453162682568051E-004
   1.1682242990654207E-003  0.11025257445556931        8.3884534596883557E-004   2.6704101562499992E-002   2.2453162682568363E-004
   1.1585306677018635E-003  0.11022339043145975        8.3866760806711009E-004   2.6704101562499992E-002   2.2453162682568363E-004
   1.1488970588235292E-003  0.11019368541775287        8.3828974671918755E-004   2.6699218749999989E-002   2.2412206620564570E-004
   1.1393229166666665E-003  0.11016547740554677        8.3826002834024428E-004   2.6699218749999989E-002   2.2412206620564258E-004
   1.1298076923076921E-003  0.11013897679909292        8.3844204643734378E-004   2.6694335937499990E-002   2.2435565568753110E-004
   1.1203508435582822E-003  0.11010936007162851        8.3794718970042010E-004   2.6689453124999991E-002   2.2362077260027250E-004
   1.1109518348623852E-003  0.11008189094837645        8.3803023465381257E-004   2.6689453124999991E-002   2.2362077260027250E-004
   1.1016101371951218E-003  0.11005765012330018        8.3820758582814174E-004   2.6689453124999991E-002   2.2362077260027250E-004
   1.0923252279635260E-003  0.11003101186730976        8.3826858073654379E-004   2.6679687499999990E-002   2.2429822060437990E-004
   1.0830965909090907E-003  0.10999998770405170        8.3778171903052621E-004   2.6674804687499991E-002   2.2345216744317420E-004
   1.0739237160120848E-003  0.10997507351515490        8.3765089881403742E-004   2.6674804687499991E-002   2.2345216744317420E-004
   1.0648060993975902E-003  0.10994911957996172        8.3778277679823524E-004   2.6674804687499991E-002   2.2345216744317420E-004
   1.0557432432432433E-003  0.10992566674932380        8.3748116721501175E-004   2.6669921874999992E-002   2.2314209754704600E-004
   1.0467346556886229E-003  0.10990083639456634        8.3727029199917005E-004   2.6669921874999992E-002   2.2314209754704283E-004
   1.0377798507462685E-003  0.10987946411925786        8.3720027887593230E-004   2.6669921874999992E-002   2.2314209754704283E-004
   1.0288783482142855E-003  0.10985622330225230        8.3736600907939759E-004   2.6669921874999992E-002   2.2314209754704283E-004
   1.0200296735905045E-003  0.10983159471101707        8.3721825644181671E-004   2.6669921874999992E-002   2.2314209754704283E-004
   1.0112333579881659E-003  0.10980950875663398        8.3704257989076244E-004   2.6669921874999992E-002   2.2314209754704283E-004
   1.0024889380530972E-003  0.10978635298423862        8.3677645302302861E-004   2.6665039062499993E-002   2.2250605047525115E-004
   9.9379595588235288E-004  0.10976125913881564        8.3666407730550953E-004   2.6665039062499993E-002   2.2250605047525115E-004
   9.8515395894428152E-004  0.10974085837069598        8.3661887154799449E-004   2.6665039062499993E-002   2.2250605047525115E-004
   9.7656250000000000E-004  0.10971728561192369        8.3612652418416750E-004   2.6655273437499991E-002   2.2176883907661687E-004
   9.6802113702623921E-004  0.10969664713125465        8.3602174910263056E-004   2.6650390624999992E-002   2.2221200129574618E-004
   9.5952943313953485E-004  0.10967736195093346        8.3609328317092344E-004   2.6645507812499990E-002   2.2243677003051598E-004
   9.5108695652173928E-004  0.10965016929037345        8.3629716186915204E-004   2.6645507812499990E-002   2.2243677003051598E-004
   9.4269328034682093E-004  0.10962931887344672        8.3613567093440634E-004   2.6645507812499990E-002   2.2243677003051598E-004
   9.3434798270893363E-004  0.10960730990667061        8.3601211696715115E-004   2.6645507812499990E-002   2.2243677003051598E-004
   9.2605064655172393E-004  0.10958253439870795        8.3582206898098906E-004   2.6645507812499990E-002   2.2243677003051598E-004
   9.1780085959885377E-004  0.10955939951088288        8.3540326670724708E-004   2.6645507812499990E-002   2.2243677003051598E-004
   9.0959821428571435E-004  0.10953599226608034        8.3473729693683363E-004   2.6640624999999991E-002   2.2168466303291618E-004
   9.0144230769230753E-004  0.10951477032609226        8.3459646879524270E-004   2.6640624999999991E-002   2.2168466303291618E-004
   8.9333274147727253E-004  0.10949480399934354        8.3446152048248404E-004   2.6640624999999991E-002   2.2168466303291618E-004
   8.8526912181303118E-004  0.10947514145955985        8.3426915182672492E-004   2.6640624999999991E-002   2.2168466303291618E-004
   8.7725105932203373E-004  0.10945699488881049        8.3419072015202802E-004   2.6640624999999991E-002   2.2168466303291618E-004
   8.6927816901408465E-004  0.10943568552445526        8.3391443791676313E-004   2.6640624999999991E-002   2.2168466303291618E-004
   8.6135007022471914E-004  0.10941499876762503        8.3370865273131502E-004   2.6640624999999991E-002   2.2168466303291618E-004
   8.5346638655462185E-004  0.10939741839892939        8.3379301957623212E-004   2.6640624999999991E-002   2.2168466303291618E-004
   8.4562674581005600E-004  0.10937838944653250        8.3370794403822329E-004   2.6640624999999991E-002   2.2168466303291618E-004
   8.3783077994428962E-004  0.10935779864324700        8.3346205679073432E-004   2.6640624999999991E-002   2.2168466303291618E-004
   8.3007812500000009E-004  0.10933808835314160        8.3335639477322718E-004   2.6640624999999991E-002   2.2168466303291618E-004
   8.2236842105263153E-004  0.10931864632383059        8.3320262775185192E-004   2.6625976562499990E-002   2.2159067394497261E-004
   8.1470131215469633E-004  0.10929917081382481        8.3300219972883352E-004   2.6625976562499990E-002   2.2159067394497261E-004
   8.0707644628099165E-004  0.10927540379847626        8.3280891966627823E-004   2.6621093749999991E-002   2.2137592501126637E-004
   7.9949347527472547E-004  0.10924876843009816        8.3256231085316928E-004   2.6621093749999991E-002   2.2137592501126637E-004
   7.9195205479452076E-004  0.10922788080835215        8.3241620901038473E-004   2.6616210937499992E-002   2.2137755680090029E-004
   7.8445184426229487E-004  0.10920623659002839        8.3232417778168440E-004   2.6616210937499992E-002   2.2137755680090029E-004
   7.7699250681198930E-004  0.10918453585803267        8.3227929576176339E-004   2.6616210937499992E-002   2.2137755680090029E-004
   7.6957370923913049E-004  0.10916358314628274        8.3230387672295829E-004   2.6616210937499992E-002   2.2137755680090029E-004
   7.6219512195121932E-004  0.10914302976253804        8.3227242424534112E-004   2.6616210937499992E-002   2.2137755680090029E-004
   7.5485641891891902E-004  0.10912281710168532        8.3214796244545741E-004   2.6611328124999990E-002   2.2202985317086948E-004
   7.4755727762803236E-004  0.10909935326214612        8.3283151306357971E-004   2.6611328124999990E-002   2.2202985317086948E-004
   7.4029737903225827E-004  0.10908164541113687        8.3287332157124666E-004   2.6601562499999992E-002   2.2191919029721421E-004
   7.3307640750670247E-004  0.10906349608807950        8.3288503210016541E-004   2.6601562499999992E-002   2.2191919029721421E-004
   7.2589405080213890E-004  0.10904053840776717        8.3282443583480132E-004   2.6591796874999990E-002   2.2126058140325752E-004
   7.1875000000000020E-004  0.10902094823127328        8.3285528422500765E-004   2.6586914062499991E-002   2.2169063787030028E-004
   7.1164394946808497E-004  0.10900264640782341        8.3283309093674636E-004   2.6586914062499991E-002   2.2169063787030028E-004
   7.0457559681697630E-004  0.10897774534677636        8.3213189427660942E-004   2.6582031249999992E-002   2.2244380731012916E-004
   6.9754464285714298E-004  0.10895666436637712        8.3210249531767938E-004   2.6582031249999992E-002   2.2244380731012916E-004
   6.9055079155672843E-004  0.10893613832139941        8.3236064132041613E-004   2.6582031249999992E-002   2.2244380731012916E-004
   6.8359375000000017E-004  0.10891789288074101        8.3240160821454402E-004   2.6582031249999992E-002   2.2244380731012916E-004
   6.7667322834645679E-004  0.10889923207281590        8.3250787934409929E-004   2.6582031249999992E-002   2.2244380731012916E-004
   6.6978893979057581E-004  0.10888199000458844        8.3251484746344698E-004   2.6577148437499989E-002   2.2232847611606838E-004
   6.6294060052219305E-004  0.10886334134687106        8.3251933198544097E-004   2.6577148437499989E-002   2.2286941948071410E-004
   6.5612792968750000E-004  0.10884380919832486        8.3272884119293760E-004   2.6577148437499989E-002   2.2286941948071410E-004
   6.4935064935064957E-004  0.10882665865037272        8.3279963275079919E-004   2.6577148437499989E-002   2.2286941948071410E-004
   6.4260848445595866E-004  0.10881038572741580        8.3303929572266558E-004   2.6577148437499989E-002   2.2286941948071410E-004
   6.3590116279069750E-004  0.10879354924734187        8.3325384062773262E-004   2.6577148437499989E-002   2.2286941948071410E-004
   6.2922841494845354E-004  0.10877551400977264        8.3325012364380364E-004   2.6577148437499989E-002   2.2286941948071410E-004
   6.2258997429305921E-004  0.10875884141190159        8.3328489291953638E-004   2.6572265624999990E-002   2.2275322751296069E-004
   6.1598557692307690E-004  0.10874055248097950        8.3308820063874960E-004   2.6572265624999990E-002   2.2275322751296069E-004
   6.0941496163682872E-004  0.10872193273852764        8.3316617876900523E-004   2.6567382812499991E-002   2.2241944654747392E-004
   6.0287786989795915E-004  0.10870255777093760        8.3319264405216833E-004   2.6562499999999992E-002   2.2175852244116296E-004
   5.9637404580152684E-004  0.10868527310627867        8.3289176274952152E-004   2.6562499999999992E-002   2.2175852244116296E-004
   5.8990323604060906E-004  0.10866766049948959        8.3267094809659297E-004   2.6562499999999992E-002   2.2175852244116296E-004
   5.8346518987341780E-004  0.10865095466754568        8.3247699028480312E-004   2.6562499999999992E-002   2.2175852244116296E-004
   5.7705965909090901E-004  0.10863513258337110        8.3235738938333801E-004   2.6562499999999992E-002   2.2175852244116296E-004
   5.7068639798488674E-004  0.10861987969993649        8.3237429345131455E-004   2.6562499999999992E-002   2.2175852244116296E-004
   5.6434516331658286E-004  0.10858852230994356        8.3300677209640803E-004   2.6547851562499992E-002   2.2215509604973449E-004
   5.5803571428571447E-004  0.10856786498891434        8.3286545337068389E-004   2.6547851562499992E-002   2.2215509604973449E-004
   5.5175781249999995E-004  0.10854955059479980        8.3295453599043488E-004   2.6542968749999993E-002   2.2224884644356916E-004
   5.4551122194513701E-004  0.10853103959234858        8.3282371774382380E-004   2.6542968749999993E-002   2.2224884644356916E-004
   5.3929570895522392E-004  0.10851582781706279        8.3297278098910484E-004   2.6542968749999993E-002   2.2224884644356916E-004
   5.3311104218362266E-004  0.10849687192465993        8.3288363007787852E-004   2.6538085937499990E-002   2.2147326741688505E-004
   5.2695699257425746E-004  0.10847997350238138        8.3272833090220562E-004   2.6538085937499990E-002   2.2147326741688505E-004
   5.2083333333333322E-004  0.10846347962874819        8.3256771907017318E-004   2.6538085937499990E-002   2.2147326741688505E-004
   5.1473983990147796E-004  0.10844756401892021        8.3244370409587512E-004   2.6538085937499990E-002   2.2147326741688505E-004
   5.0867628992629001E-004  0.10843247187510931        8.3247952141308459E-004   2.6538085937499990E-002   2.2147326741688505E-004
   5.0264246323529407E-004  0.10841554406869797        8.3214609215238064E-004   2.6538085937499990E-002   2.2147326741688505E-004
   4.9663814180929107E-004  0.10840142359852002        8.3209727786028010E-004   2.6533203124999991E-002   2.2145641229830046E-004
   4.9066310975609756E-004  0.10838512689777798        8.3192501141335210E-004   2.6528320312499992E-002   2.2023890709271660E-004
   4.8471715328467137E-004  0.10837061872657515        8.3178045406525800E-004   2.6528320312499992E-002   2.2023890709271660E-004
   4.7880006067961165E-004  0.10835850984227050        8.3179994076284310E-004   2.6528320312499992E-002   2.2023890709271660E-004
   4.7291162227602922E-004  0.10834352188046444        8.3180560919278034E-004   2.6528320312499992E-002   2.2023890709271660E-004
   4.6705163043478251E-004  0.10833014331413560        8.3159982489384716E-004   2.6528320312499992E-002   2.2023890709271660E-004
   4.6121987951807221E-004  0.10831554773413597        8.3133923999926585E-004   2.6528320312499992E-002   2.2023890709271660E-004
   4.5541616586538452E-004  0.10830045188351953        8.3108313444391849E-004   2.6528320312499992E-002   2.2023890709271660E-004
   4.4964028776978398E-004  0.10828660262732118        8.3117766476994146E-004   2.6523437499999990E-002   2.2087494080321517E-004
   4.4389204545454549E-004  0.10827139431119531        8.3116789672370143E-004   2.6523437499999990E-002   2.2087494080321517E-004
   4.3817124105011932E-004  0.10825758842620871        8.3070963005820884E-004   2.6518554687499991E-002   2.2139931284680965E-004
   4.3247767857142877E-004  0.10824415683022899        8.3062190795082631E-004   2.6518554687499991E-002   2.2139931284680965E-004
   4.2681116389548706E-004  0.10822899097212418        8.3022038297762683E-004   2.6518554687499991E-002   2.2139931284680965E-004
   4.2117150473933640E-004  0.10821470138824647        8.3053994713874844E-004   2.6518554687499991E-002   2.2139931284680965E-004
   4.1555851063829804E-004  0.10819964796690738        8.3080234892516887E-004   2.6518554687499991E-002   2.2139931284680965E-004
   4.0997199292452848E-004  0.10818586075006900        8.3076473071654858E-004   2.6518554687499991E-002   2.2139931284680965E-004
   4.0441176470588230E-004  0.10817398845752717        8.3079457582554603E-004   2.6518554687499991E-002   2.2139931284680965E-004
   3.9887764084507032E-004  0.10816139903310418        8.3077168073617306E-004   2.6518554687499991E-002   2.2139931284680965E-004
   3.9336943793911007E-004  0.10814543369199853        8.3029347637390036E-004   2.6513671874999992E-002   2.2028756157992435E-004
   3.8788697429906552E-004  0.10813203797771048        8.3016759489014835E-004   2.6513671874999992E-002   2.2028756157992435E-004
   3.8243006993006999E-004  0.10811912958532444        8.3011777825056708E-004   2.6508789062499993E-002   2.1982737410981609E-004
   3.7699854651162797E-004  0.10810188063772691        8.2934124587973870E-004   2.6508789062499993E-002   2.1982737410981292E-004
   3.7159222737819008E-004  0.10808672142099283        8.2909106823290794E-004   2.6508789062499993E-002   2.1982737410981609E-004
   3.6621093750000000E-004  0.10806905310145380        8.2831567358158020E-004   2.6494140624999992E-002   2.2030068005153910E-004
   3.6085450346420335E-004  0.10805373527265366        8.2825538383741841E-004   2.6494140624999992E-002   2.2030068005153910E-004
   3.5552275345622107E-004  0.10803203001408505        8.2855598171638757E-004   2.6489257812499990E-002   2.1994565921403070E-004
   3.5021551724137914E-004  0.10801749711881380        8.2845331473146750E-004   2.6484374999999991E-002   2.1991773652406456E-004
   3.4493262614678898E-004  0.10799853799712557        8.2822307901877731E-004   2.6484374999999991E-002   2.1991773652406456E-004
   3.3967391304347847E-004  0.10798263536461258        8.2793287074132992E-004   2.6484374999999991E-002   2.1991773652406456E-004
   3.3443921232876716E-004  0.10796808198030897        8.2759515371481039E-004   2.6484374999999991E-002   2.1991773652406456E-004
   3.2922835990888393E-004  0.10795250619680483        8.2739763135786530E-004   2.6484374999999991E-002   2.1991773652406456E-004
   3.2404119318181837E-004  0.10793897782791881        8.2736518346068538E-004   2.6484374999999991E-002   2.1991773652406133E-004
   3.1887755102040808E-004  0.10792367251085917        8.2704241055417166E-004   2.6484374999999991E-002   2.1991773652406456E-004
   3.1373727375565630E-004  0.10791157062434344        8.2700376493221456E-004   2.6484374999999991E-002   2.1991773652406456E-004
   3.0862020316027106E-004  0.10789997495953756        8.2704067829491234E-004   2.6484374999999991E-002   2.1991773652406456E-004
   3.0352618243243258E-004  0.10788665262351632        8.2697410809245086E-004   2.6479492187499992E-002   2.2010765037584800E-004
   2.9845505617977523E-004  0.10787151327054507        8.2703290570398697E-004   2.6479492187499992E-002   2.2010765037584480E-004
   2.9340667040358764E-004  0.10785902158143956        8.2685183129660390E-004   2.6479492187499992E-002   2.2010765037584800E-004
   2.8838087248322149E-004  0.10784723634211262        8.2678838427876729E-004   2.6479492187499992E-002   2.2010765037584800E-004
   2.8337751116071447E-004  0.10783440690479162        8.2678994924222614E-004   2.6479492187499992E-002   2.2010765037584800E-004
   2.7839643652561230E-004  0.10782371546602633        8.2672329561013220E-004   2.6479492187499992E-002   2.2010765037584800E-004
   2.7343749999999981E-004  0.10781058854470502        8.2656181817162937E-004   2.6474609374999993E-002   2.1942000834077835E-004
   2.6850055432372502E-004  0.10780039798870970        8.2649831611463203E-004   2.6474609374999993E-002   2.1942000834077835E-004
   2.6358545353982309E-004  0.10778593673120643        8.2633848755861200E-004   2.6474609374999993E-002   2.1942000834077835E-004
   2.5869205298013247E-004  0.10777367623585418        8.2637460378693977E-004   2.6474609374999993E-002   2.1942000834077835E-004
   2.5382020925110134E-004  0.10775763780891434        8.2605350046564309E-004   2.6469726562499990E-002   2.1949846992512420E-004
   2.4896978021978020E-004  0.10774410901671702        8.2586513219579430E-004   2.6469726562499990E-002   2.1949846992512420E-004
   2.4414062500000000E-004  0.10773313716057416        8.2584778039445435E-004   2.6469726562499990E-002   2.1949846992512420E-004
   2.3933260393873071E-004  0.10772156245315831        8.2582283648430612E-004   2.6469726562499990E-002   2.1949846992512420E-004
   2.3454557860261988E-004  0.10770835083837772        8.2594886373802150E-004   2.6464843749999991E-002   2.2001408219257307E-004
   2.2977941176470593E-004  0.10769588632871113        8.2609514466646457E-004   2.6464843749999991E-002   2.2001408219257307E-004
   2.2503396739130413E-004  0.10768490596849038        8.2596362527081828E-004   2.6464843749999991E-002   2.2001408219257307E-004
   2.2030911062906723E-004  0.10767430386064693        8.2594597321517861E-004   2.6464843749999991E-002   2.2001408219257307E-004
   2.1560470779220797E-004  0.10766397013102606        8.2604409014198064E-004   2.6464843749999991E-002   2.2001408219257307E-004
   2.1092062634989195E-004  0.10765419702053633        8.2593425662110822E-004   2.6464843749999991E-002   2.2001408219257307E-004
   2.0625673491379316E-004  0.10764422282910027        8.2595935496808240E-004   2.6464843749999991E-002   2.2001408219257307E-004
   2.0161290322580653E-004  0.10763406009862128        8.2594233684394963E-004   2.6464843749999991E-002   2.2001408219257307E-004
   1.9698900214592261E-004  0.10762439668083935        8.2594491325457646E-004   2.6464843749999991E-002   2.2001408219257307E-004
   1.9238490364025711E-004  0.10761234370990910        8.2609256106499097E-004   2.6459960937499992E-002   2.1998069443780383E-004
   1.8780048076923097E-004  0.10760159296497034        8.2606688336920567E-004   2.6459960937499992E-002   2.1998069443780383E-004
   1.8323560767590603E-004  0.10759027110018586        8.2612344993891979E-004   2.6459960937499992E-002   2.1998069443780383E-004
   1.7869015957446823E-004  0.10757947779368031        8.2620203192329284E-004   2.6459960937499992E-002   2.1998069443780383E-004
   1.7416401273885346E-004  0.10756854686373585        8.2628162979469372E-004   2.6459960937499992E-002   2.1998069443780063E-004
   1.6965704449152562E-004  0.10755946385990603        8.2625165077951953E-004   2.6459960937499992E-002   2.1998069443780063E-004
   1.6516913319238914E-004  0.10754921916756484        8.2631260217970980E-004   2.6455078124999989E-002   2.2082041751175563E-004
   1.6070015822784809E-004  0.10754035803839722        8.2633766390231649E-004   2.6455078124999989E-002   2.2082041751175563E-004
   1.5625000000000014E-004  0.10752883846385655        8.2655107795097361E-004   2.6450195312499990E-002   2.2056670715668320E-004
   1.5181853991596628E-004  0.10751775595884029        8.2679821637300188E-004   2.6450195312499990E-002   2.2056670715668320E-004
   1.4740566037735846E-004  0.10750677599067139        8.2675237288179439E-004   2.6450195312499990E-002   2.2056670715668320E-004
   1.4301124476987469E-004  0.10749258582945594        8.2705780340558855E-004   2.6445312499999991E-002   2.2074842614656234E-004
   1.3863517745302733E-004  0.10748165148384292        8.2692709894080453E-004   2.6445312499999991E-002   2.2074842614656234E-004
   1.3427734375000017E-004  0.10746635942573973        8.2735926942008775E-004   2.6445312499999991E-002   2.2074842614656234E-004
   1.2993762993762994E-004  0.10745506974514960        8.2740314709300151E-004   2.6445312499999991E-002   2.2074842614656234E-004
   1.2561592323651451E-004  0.10744483097330403        8.2740526758798717E-004   2.6445312499999991E-002   2.2074842614656234E-004
   1.2131211180124203E-004  0.10743338039055786        8.2772235813383078E-004   2.6445312499999991E-002   2.2074842614656234E-004
   1.1702608471074374E-004  0.10742341046451642        8.2778826643077250E-004   2.6445312499999991E-002   2.2074842614656234E-004
   1.1275773195876292E-004  0.10741486946946215        8.2790123280024135E-004   2.6440429687499992E-002   2.2125568341011884E-004
   1.0850694444444449E-004  0.10740656494282667        8.2791087805438469E-004   2.6440429687499992E-002   2.2125568341011884E-004
   1.0427361396303904E-004  0.10739749749422689        8.2798535474278153E-004   2.6440429687499992E-002   2.2125568341011884E-004
   1.0005763319672137E-004  0.10738772228045390        8.2809461089718205E-004   2.6440429687499992E-002   2.2125568341011884E-004
   9.5858895705521353E-005  0.10737802766040094        8.2817009650032404E-004   2.6440429687499992E-002   2.2125568341011567E-004
   9.1677295918367145E-005  0.10736938557279965        8.2816563578946953E-004   2.6440429687499992E-002   2.2125568341011567E-004
   8.7512729124236341E-005  0.10736052345453295        8.2831072513183442E-004   2.6440429687499992E-002   2.2125568341011567E-004
   8.3365091463414708E-005  0.10735182700850730        8.2834603526414554E-004   2.6440429687499992E-002   2.2125568341011884E-004
   7.9234279918864205E-005  0.10734256090949820        8.2843584144612608E-004   2.6435546874999990E-002   2.2143466186243872E-004
   7.5120192307692474E-005  0.10733402100046203        8.2845610822221850E-004   2.6435546874999990E-002   2.2143466186243872E-004
   7.1022727272727296E-005  0.10732517730537840        8.2854089460103475E-004   2.6435546874999990E-002   2.2143466186243872E-004
   6.6941784274193381E-005  0.10731740029743865        8.2855632947471513E-004   2.6435546874999990E-002   2.2143466186243872E-004
   6.2877263581488912E-005  0.10730799714130247        8.2867713498407101E-004   2.6435546874999990E-002   2.2143466186243872E-004
   5.8829066265060105E-005  0.10729949638612277        8.2874252575370158E-004   2.6435546874999990E-002   2.2143466186243872E-004
   5.4797094188376808E-005  0.10728973938075480        8.2881232643506925E-004   2.6435546874999990E-002   2.2143466186243872E-004
   5.0781250000000045E-005  0.10727976779914843        8.2894601120821264E-004   2.6430664062499991E-002   2.2128615805048227E-004
   4.6781437125748438E-005  0.10727106352222543        8.2891958049293910E-004   2.6430664062499991E-002   2.2128615805048227E-004
   4.2797559760956137E-005  0.10725890972324059        8.2887380119506184E-004   2.6430664062499991E-002   2.2128615805048227E-004
   3.8829522862823124E-005  0.10724855414042539        8.2905226002641299E-004   2.6430664062499991E-002   2.2128615805048227E-004
   3.4877232142857019E-005  0.10723600418045870        8.2905378542969216E-004   2.6430664062499991E-002   2.2128615805048227E-004
   3.0940594059405968E-005  0.10722718439607369        8.2899427679596158E-004   2.6430664062499991E-002   2.2128615805048227E-004
   2.7019515810276524E-005  0.10721827381129589        8.2897198480731162E-004   2.6425781249999992E-002   2.2124534284629523E-004
   2.3113905325443905E-005  0.10720824819740735        8.2882513419046662E-004   2.6420898437499993E-002   2.2109453338876411E-004
   1.9223671259842486E-005  0.10719999074875564        8.2877846453290104E-004   2.6420898437499993E-002   2.2109453338876411E-004
   1.5348722986247357E-005  0.10719056247094563        8.2871327426832964E-004   2.6420898437499993E-002   2.2109453338876411E-004
   1.1488970588235253E-005  0.10718199241399709        8.2867587136648165E-004   2.6420898437499993E-002   2.2109453338876411E-004
   7.6443248532291792E-006  0.10717056575127268        8.2855947131237702E-004   2.6420898437499993E-002   2.2109453338876100E-004
   3.8146972656250000E-006  0.10716200654197479        8.2854081596585077E-004   2.6420898437499993E-002   2.2109453338876100E-004
   0.0000000000000000       0.10715249932911165        8.2837252470184422E-004   2.6420898437499993E-002   2.2109453338876100E-004
