   1.0000000000000000        1.5779015368160147        1.7474088891333030E-003  0.19488769531250091        6.6573351517653615E-004
  0.99804687500000000        1.5748452782061364        1.7640871948359511E-003  0.19562988281250082        6.3650371955609642E-004
  0.99609375000000000        1.5759169046219554        1.6657243168280947E-003  0.19519042968750080        6.5680066336366058E-004
  0.99414062500000000        1.5711801164501216        1.7722369443308103E-003  0.19412597656250086        7.1034688231446698E-004
  0.99218750000000000        1.5678670891473088        1.8008754027452971E-003  0.19325683593750084        7.6883003549462663E-004
  0.99023437500000000        1.5647190836692451        1.9389974365436381E-003  0.19218750000000098        6.9501833851422137E-004
  0.98828125000000000        1.5614484164685702        1.9852143644971541E-003  0.19358398437500093        6.8007654535598915E-004
  0.98632812500000000        1.5590768536916448        1.7968779011770485E-003  0.19148437500000098        6.7884664632080676E-004
  0.98437500000000000        1.5532026320432595        1.7865194343395993E-003  0.18954589843750111        6.4073935364731475E-004
  0.98242187500000000        1.5519843144154057        1.7512046900827229E-003  0.19057617187500117        6.5504289502939760E-004
  0.98046875000000000        1.5501946522673697        1.8011764957466241E-003  0.18993164062500117        6.3980974688144360E-004
  0.97851562500000000        1.5494490713060338        1.8414820736143453E-003  0.18897460937500118        8.2660327161157478E-004
  0.97656250000000000        1.5433607592093270        1.9066199580224676E-003  0.18723144531250124        7.6408802235770001E-004
  0.97460937500000000        1.5415140111474666        1.8748338886781860E-003  0.18705566406250132        6.8197462104621479E-004
  0.97265625000000000        1.5381355757090653        1.4529950468392485E-003  0.18685546875000136        6.5277350149844644E-004
  0.97070312500000000        1.5370647468831711        1.5722187144039941E-003  0.18697265625000126        6.3012688671985114E-004
  0.96875000000000000        1.5343644322586245        1.7022608504805108E-003  0.18552246093750149        6.2862290247624100E-004
  0.96679687500000000        1.5330748504100282        1.7184181588001408E-003  0.18535644531250142        7.2400183637377942E-004
  0.96484375000000000        1.5291172115025311        1.7190803658656370E-003  0.18484375000000131        7.4020030475314817E-004
  0.96289062500000000        1.5270221686863397        1.6007765006216400E-003  0.18354980468750148        6.9999348553419476E-004
  0.96093750000000000        1.5234804836633737        1.6766994769382454E-003  0.18298339843750142        6.7434955001744834E-004
  0.95898437500000000        1.5212626138718153        1.8880736558109974E-003  0.18217773437500148        6.5172564095007678E-004
  0.95703125000000000        1.5176970082785410        1.8935566264267143E-003  0.18215820312500150        6.4172053075326526E-004
  0.95507812500000000        1.5187714896003013        2.0371036542108294E-003  0.18158691406250158        7.6435651031328479E-004
  0.95312500000000000        1.5149286992640409        1.7384927359019805E-003  0.18109375000000164        6.9015999988499682E-004
  0.95117187500000000        1.5104840364906671        1.8371093181663526E-003  0.18032714843750161        7.5212204762324360E-004
  0.94921875000000000        1.5074774641940198        1.9391828073709086E-003  0.17938964843750163        6.6566984472640311E-004
  0.94726562500000000        1.5057366855839687        1.8738673708095736E-003  0.17866210937500168        6.8845574927990172E-004
  0.94531250000000000        1.5006850084068184        1.9285253828342183E-003  0.17732910156250173        6.9046612991425951E-004
  0.94335937500000000        1.4951698168162486        1.6681338069231254E-003  0.17638671875000170        6.9796155132184948E-004
  0.94140625000000000        1.4952242965754072        1.9217628270595372E-003  0.17619140625000163        8.1109635426886519E-004
  0.93945312500000000        1.4927023572153371        1.4951724298485187E-003  0.17631835937500162        6.8691487278880017E-004
  0.93750000000000000        1.4883301753173250        1.5897424827677898E-003  0.17441406250000185        7.4064525476866564E-004
  0.93554687500000000        1.4852617896258851        1.6735687426711024E-003  0.17527343750000185        5.4738734962134770E-004
  0.93359375000000000        1.4821308956045960        1.9644006788734130E-003  0.17362304687500185        6.3604214351459297E-004
  0.93164062500000000        1.4797134673793193        1.8956969546956727E-003  0.17314453125000179        6.3747252693900191E-004
  0.92968750000000000        1.4799639502189650        1.8291925714983386E-003  0.17340332031250186        7.2847060631747067E-004
  0.92773437500000000        1.4743681350757825        1.8466928983564977E-003  0.17230957031250177        7.0594760500555353E-004
  0.92578125000000000        1.4722620825765060        1.8525789532785326E-003  0.17174804687500184        6.0992705407868469E-004
  0.92382812500000000        1.4704540594188453        1.9570717089511069E-003  0.17065917968750180        7.2239009903843235E-004
  0.92187500000000000        1.4681818384175418        1.8213121543222276E-003  0.17034667968750195        6.6995258150255978E-004
  0.91992187500000000        1.4646268212109461        1.9154072488392459E-003  0.16981445312500193        6.8810865294023898E-004
  0.91796875000000000        1.4602532739788858        1.8196017995498882E-003  0.16882324218750180        6.4005041187647441E-004
  0.91601562500000000        1.4574822760589208        1.8026883238520103E-003  0.16670898437500198        6.7868556669719335E-004
  0.91406250000000000        1.4545176942981055        1.6557009640637958E-003  0.16719726562500198        5.9596988562682157E-004
  0.91210937500000000        1.4482271798147262        1.7306770179195889E-003  0.16570312500000198        5.9860440176987494E-004
  0.91015625000000000        1.4475028163931192        1.6913522475008348E-003  0.16599609375000196        6.3379438979061615E-004
  0.90820312500000000        1.4446906326816358        1.6367330481246423E-003  0.16552246093750200        6.3956560240826426E-004
  0.90625000000000000        1.4415552758967047        1.8740704870866764E-003  0.16531738281250200        5.8405430319307013E-004
  0.90429687500000000        1.4407336164691289        1.7268875329702754E-003  0.16332031250000198        6.3164616287490153E-004
  0.90234375000000000        1.4352360922473597        1.7587880465431455E-003  0.16242675781250196        6.6289571435025727E-004
  0.90039062500000000        1.4304168724842419        1.8143297570333331E-003  0.16158691406250195        6.2156794564516098E-004
  0.89843750000000000        1.4283743967141620        1.9650288195246497E-003  0.16176269531250198        7.2527802204606234E-004
  0.89648437500000000        1.4267966588440277        1.6966331893781886E-003  0.16131835937500194        6.6236527274304000E-004
  0.89453125000000000        1.4222995409944286        1.5358720179118059E-003  0.15952148437500199        6.6253686318575326E-004
  0.89257812500000000        1.4188646920939980        1.5812828909007818E-003  0.15876953125000204        6.1095673123554473E-004
  0.89062500000000000        1.4147819602961536        1.6712697866644016E-003  0.15824218750000199        6.2239750489165757E-004
  0.88867187500000000        1.4101879319421173        1.7036634563165262E-003  0.15646484375000200        6.2253833298876130E-004
  0.88671875000000000        1.4075952939705951        1.5857596116830366E-003  0.15667480468750200        6.8202970736504578E-004
  0.88476562500000000        1.4035600246738149        1.8589664064134800E-003  0.15552246093750197        6.7270906672683712E-004
  0.88281250000000000        1.3996837909084967        1.8289649957464083E-003  0.15471679687500195        6.9394403789046805E-004
  0.88085937500000000        1.3961102396721818        2.0194667717374332E-003  0.15453613281250198        6.2118967879951190E-004
  0.87890625000000000        1.3941611684116049        1.9169219136657336E-003  0.15363769531250196        7.4432260625411631E-004
  0.87695312500000000        1.3929368119427599        1.7574726651702465E-003  0.15341308593750200        6.9784336403927298E-004
  0.87500000000000000        1.3893033534955361        1.9805376708923587E-003  0.15186523437500196        6.7014397114003828E-004
  0.87304687500000000        1.3851883255074362        2.0014919582317806E-003  0.15054199218750192        5.8608934894529305E-004
  0.87109375000000000        1.3839280267819989        1.9098903790677377E-003  0.14957031250000188        6.9195820575338959E-004
  0.86914062500000000        1.3780199059643368        1.9340345251171640E-003  0.14926757812500191        7.2601495941400460E-004
  0.86718750000000000        1.3757923148332936        1.8907250425579726E-003  0.14932128906250189        6.9323831875343716E-004
  0.86523437500000000        1.3718768920427644        1.8236852369236788E-003  0.14823242187500188        6.9342883819455896E-004
  0.86328125000000000        1.3676519772849276        1.7765999918600631E-003  0.14739746093750186        6.2328585212533254E-004
  0.86132812500000000        1.3636057184751889        1.9309735286720787E-003  0.14616699218750184        7.1924552873830539E-004
  0.85937500000000000        1.3617478537217316        2.0094882716366904E-003  0.14604003906250185        6.6795238867159391E-004
  0.85742187500000000        1.3595089891958800        1.9531931128247597E-003  0.14522949218750184        7.2484490261307704E-004
  0.85546875000000000        1.3554213745532386        1.8935071528549112E-003  0.14452636718750184        6.3362622796844033E-004
  0.85351562500000000        1.3512440539725679        1.7999167770545502E-003  0.14321777343750183        6.0433708027734373E-004
  0.85156250000000000        1.3483179961840037        1.8323905955184797E-003  0.14291503906250183        6.5158502272627484E-004
  0.84960937500000000        1.3438575700515807        1.7395314692423211E-003  0.14051757812500176        6.3222161632903021E-004
  0.84765625000000000        1.3417950129493064        1.7911727627570255E-003  0.14072753906250177        5.7457780277610400E-004
  0.84570312500000000        1.3403133728256045        1.7662201496521138E-003  0.14037597656250178        6.1063243221851722E-004
  0.84375000000000000        1.3352120584195963        1.9045468043030825E-003  0.13948730468750173        7.6788221929123719E-004
  0.84179687500000000        1.3305206367559170        2.0244912246915256E-003  0.13883789062500176        6.9374272506428987E-004
  0.83984375000000000        1.3256898561755244        1.9566127486318986E-003  0.13773925781250174        6.6157636633802869E-004
  0.83789062500000000        1.3216180668934738        1.8252991530747649E-003  0.13701660156250170        6.9261968136215268E-004
  0.83593750000000000        1.3160871225661757        1.9655042093464957E-003  0.13546875000000169        5.7958666299256600E-004
  0.83398437500000000        1.3125401906850183        1.5557243377402111E-003  0.13456054687500169        6.2454129735552903E-004
  0.83203125000000000        1.3107903963075467        1.7273987955620518E-003  0.13445800781250170        5.7601615735955621E-004
  0.83007812500000000        1.3076328219583999        1.7529314196061334E-003  0.13378417968750167        6.6670373611250856E-004
  0.82812500000000000        1.3030305214873112        1.8076326165753522E-003  0.13185546875000165        6.4580189021441129E-004
  0.82617187500000000        1.2993825960151923        1.7629174908112694E-003  0.13186035156250164        5.9529042117142830E-004
  0.82421875000000000        1.2973593871594411        1.7906492121621928E-003  0.13108398437500163        6.0556022621704672E-004
  0.82226562500000000        1.2930235811573803        1.7984087921162704E-003  0.12966308593750159        6.4544584819519737E-004
  0.82031250000000000        1.2883212539545099        1.9226059563248108E-003  0.12862792968750153        6.7051311786297109E-004
  0.81835937500000000        1.2845722789190228        1.9128687622852560E-003  0.12757324218750149        6.3417178388457650E-004
  0.81640625000000000        1.2818521623093249        1.8703318461184778E-003  0.12643066406250150        5.8339419191922530E-004
  0.81445312500000000        1.2761629295052324        1.8007273480812752E-003  0.12548339843750145        5.8895047986937620E-004
  0.81250000000000000        1.2729493663862612        1.5673428870514310E-003  0.12496093750000145        5.8592434749504753E-004
  0.81054687500000000        1.2689904304762827        1.6957290233344836E-003  0.12471191406250146        5.2429413456029077E-004
  0.80859375000000000        1.2645290507271039        1.8455454976487300E-003  0.12318359375000133        5.4686619254693967E-004
  0.80664062500000000        1.2596469869694114        1.8032285437384859E-003  0.12232910156250133        6.1811780935305122E-004
  0.80468750000000000        1.2564680247323905        1.7765071683185270E-003  0.12111328125000126        5.8872246925310043E-004
  0.80273437500000000        1.2523319235986965        1.7325093798968010E-003  0.12013671875000119        5.5706877722440926E-004
  0.80078125000000000        1.2480247457816556        1.5820937010445478E-003  0.11992187500000123        5.4628987682129974E-004
  0.79882812500000000        1.2448847878680556        1.7170405888630447E-003  0.11905761718750123        5.5849940203821908E-004
  0.79687500000000000        1.2408503429310920        1.7415898746672529E-003  0.11842773437500113        6.6027644887539855E-004
  0.79492187500000000        1.2370961006740586        1.9569418877537258E-003  0.11684570312500106        6.4511462182954892E-004
  0.79296875000000000        1.2347843744871307        1.8840639324488252E-003  0.11711425781250111        5.7821612898655949E-004
  0.79101562500000000        1.2295141055912024        1.6751551427747545E-003  0.11574707031250096        6.0979891330911285E-004
  0.78906250000000000        1.2265717298563446        1.7097391164608302E-003  0.11518554687500096        6.2509324120029863E-004
  0.78710937500000000        1.2223553767996989        1.5760636214437983E-003  0.11420410156250091        6.3051717075508925E-004
  0.78515625000000000        1.2176306950205720        1.5791414700250400E-003  0.11339355468750094        5.6483663451639416E-004
  0.78320312500000000        1.2131919440931045        1.6659334243263456E-003  0.11220214843750086        5.1484778063775249E-004
  0.78125000000000000        1.2104388655731158        1.6499715008627893E-003  0.11150878906250078        5.5964522771733891E-004
  0.77929687500000000        1.2077288788266742        1.7476424719976489E-003  0.11068359375000072        5.7384741136745231E-004
  0.77734375000000000        1.2035910240914005        1.8192351974587323E-003  0.10956542968750071        6.2341102753856207E-004
  0.77539062500000000        1.1999145360508023        1.7298514508111886E-003  0.10932128906250073        5.7656944337347690E-004
  0.77343750000000000        1.1960184832667293        1.7106219471438536E-003  0.10821777343750066        5.0770507245302796E-004
  0.77148437500000000        1.1926769300311220        1.9739516851715335E-003  0.10749511718750063        5.6969844813636980E-004
  0.76953125000000000        1.1875966050815228        1.8343988799536192E-003  0.10661621093750061        5.9980430719093242E-004
  0.76757812500000000        1.1831270561274279        1.7121856461013081E-003  0.10583007812500055        5.8801435774254271E-004
  0.76562500000000000        1.1779511211448364        1.6711333678015746E-003  0.10471191406250055        6.0710746128350506E-004
  0.76367187500000000        1.1744535122711708        1.6272159547841617E-003  0.10379394531250044        6.0308290257712503E-004
  0.76171875000000000        1.1710957624884926        1.7031835002029652E-003  0.10333496093750051        5.5869772039751923E-004
  0.75976562500000000        1.1661409272548726        1.5672340788363110E-003  0.10216308593750044        6.2046661034958637E-004
  0.75781250000000000        1.1635293493471517        1.7089165676270398E-003  0.10137695312500045        6.0302399907514949E-004
  0.75585937500000000        1.1600276302761936        1.6455559245218518E-003  0.10039062500000039        4.9973737196443656E-004
  0.75390625000000000        1.1562229212847506        1.6673798007515567E-003   9.9501953125000375E-002   6.2150304428781520E-004
  0.75195312500000000        1.1530843306786449        1.6924594027335010E-003   9.8774414062500343E-002   5.7319298168177226E-004
  0.75000000000000000        1.1478266163033544        1.7669790979472325E-003   9.7436523437500255E-002   5.0536209907832972E-004
  0.74804687500000000        1.1451643135223073        1.7884979183534939E-003   9.7797851562500288E-002   5.8103810866254573E-004
  0.74609375000000000        1.1406765697730017        1.7646971582049008E-003   9.7299804687500269E-002   5.5840452923016921E-004
  0.74414062500000000        1.1361128551857276        1.6670117903275824E-003   9.5815429687500245E-002   5.7656777261420736E-004
  0.74218750000000000        1.1325141727076924        1.6684269758893782E-003   9.4614257812500213E-002   5.6513501154912345E-004
  0.74023437500000000        1.1275691480819496        1.7279035660708523E-003   9.3833007812500174E-002   5.7866077970345029E-004
  0.73828125000000000        1.1220375190799039        1.8936881334508163E-003   9.2270507812500124E-002   6.1377786716673613E-004
  0.73632812500000000        1.1192404604053945        1.6771711671312035E-003   9.1645507812500124E-002   5.5189048404391560E-004
  0.73437500000000000        1.1153605921209206        1.8843208514937031E-003   9.0668945312500082E-002   5.9042887303669940E-004
  0.73242187500000000        1.1112740548589555        1.8221459038433052E-003   8.9951171875000083E-002   5.7236405721278660E-004
  0.73046875000000000        1.1065002869290961        1.8390758592630250E-003   9.0400390625000077E-002   5.8884926632323117E-004
  0.72851562500000000        1.1005849333115831        1.8640095296387159E-003   8.8681640625000058E-002   5.6615363439988442E-004
  0.72656250000000000        1.0979095876927958        1.9198485082359694E-003   8.8266601562500047E-002   5.5788675717425109E-004
  0.72460937500000000        1.0972121613173760        1.7828209005749437E-003   8.7377929687500050E-002   5.5274858737965039E-004
  0.72265625000000000        1.0917779605928686        1.7472258647590708E-003   8.5620117187500011E-002   5.6872534523262099E-004
  0.72070312500000000        1.0841226289898069        1.8631570590435624E-003   8.3686523437499993E-002   5.4194775204024581E-004
  0.71875000000000000        1.0789204353056556        1.8125306053537835E-003   8.3945312499999980E-002   5.3613012632198380E-004
  0.71679687500000000        1.0736827603172028        1.8251388722744586E-003   8.2138671874999958E-002   5.5432375743191050E-004
  0.71484375000000000        1.0701721690273416        1.7608572711935160E-003   8.1220703124999960E-002   5.0195980348693731E-004
  0.71289062500000000        1.0659708409641295        1.6338645845316753E-003   8.0732421874999960E-002   5.3548019674566714E-004
  0.71093750000000000        1.0607454408022141        1.5481070047190808E-003   7.9355468749999963E-002   4.7884264458256229E-004
  0.70898437500000000        1.0572008618197504        1.5589584605568995E-003   7.9433593749999962E-002   5.0064638530005325E-004
  0.70703125000000000        1.0529922366289788        1.4662325193223488E-003   7.8183593749999947E-002   5.0473768005826882E-004
  0.70507812500000000        1.0501408016620062        1.5670708132452498E-003   7.7954101562499961E-002   5.0105485520848174E-004
  0.70312500000000000        1.0464417792354910        1.6577819375876446E-003   7.7265624999999949E-002   5.2977862170043956E-004
  0.70117187500000000        1.0410784329547058        1.5262810184736104E-003   7.5952148437499950E-002   4.7858582726551029E-004
  0.69921875000000000        1.0352160888853330        1.3311219339900192E-003   7.4443359374999948E-002   4.4446193294579310E-004
  0.69726562500000000        1.0309638992676944        1.2770924092340692E-003   7.3530273437499932E-002   4.9153033395665433E-004
  0.69531250000000000        1.0261855977530039        1.5460689473077247E-003   7.2275390624999936E-002   4.3673092399514936E-004
  0.69335937500000000        1.0207059753346635        1.6913707765941442E-003   7.1318359374999932E-002   4.9087949022057914E-004
  0.69140625000000000        1.0158436414585497        1.7245878488807089E-003   7.0888671874999934E-002   5.2315765542247205E-004
  0.68945312500000000        1.0130791932038163        1.7888637191952963E-003   7.0581054687499936E-002   5.2696434155460610E-004
  0.68750000000000000        1.0100694159765675        1.6060207399640955E-003   6.9624023437499932E-002   5.0420372471116776E-004
  0.68554687500000000        1.0048472642920558        1.7420080222953556E-003   6.8901367187499937E-002   5.5412017947117291E-004
  0.68359375000000000        1.0012574623860846        1.7612272521223746E-003   6.8144531249999932E-002   5.2636737966091471E-004
  0.68164062500000000       0.99829771043914861        1.8993087056412838E-003   6.7407226562499936E-002   4.8755939184090167E-004
  0.67968750000000000       0.99362773825505912        1.7819763212793987E-003   6.6591796874999942E-002   5.0088203543814463E-004
  0.67773437500000000       0.98814606456474652        1.7013378025575172E-003   6.5673828124999944E-002   4.8195175535343404E-004
  0.67578125000000000       0.98360556545336064        1.6322755229802306E-003   6.4267578124999933E-002   4.4410200605769968E-004
  0.67382812500000000       0.97955033365049804        1.5552392412222561E-003   6.3632812499999941E-002   4.3534463267500152E-004
  0.67187500000000000       0.97569818409370956        1.7215246976398449E-003   6.3608398437499936E-002   4.5227352382548808E-004
  0.66992187500000000       0.97245294245987024        1.7310945605500186E-003   6.2338867187499938E-002   4.5073737110593330E-004
  0.66796875000000000       0.96685972670150122        1.7326667701069263E-003   6.1826171874999940E-002   4.8021369499284442E-004
  0.66601562500000000       0.96274691990659023        1.6579653257193759E-003   6.0942382812499939E-002   4.9924051999488685E-004
  0.66406250000000000       0.95852030673454935        1.6474910312135938E-003   5.9082031249999938E-002   4.4101220176246596E-004
  0.66210937500000000       0.95328142532000792        1.6165560680148287E-003   5.8886718749999935E-002   4.1397147816722073E-004
  0.66015625000000000       0.94751988426521305        1.4518361018009439E-003   5.8076171874999936E-002   3.8795374720351956E-004
  0.65820312500000000       0.94496163397207422        1.4256919667149982E-003   5.7592773437499939E-002   4.0002927335867076E-004
  0.65625000000000000       0.94031610124937159        1.3199120139866000E-003   5.6176757812499936E-002   3.8204598106165300E-004
  0.65429687500000000       0.93605572301027218        1.5008673234335448E-003   5.5341796874999939E-002   4.3370077742507318E-004
  0.65234375000000000       0.93151314403125995        1.6125661508547239E-003   5.4643554687499936E-002   4.8367734642701247E-004
  0.65039062500000000       0.92734444579393538        1.6604684333746179E-003   5.3876953124999939E-002   4.4260496404879531E-004
  0.64843750000000000       0.92471361572595323        1.5172018554056438E-003   5.3642578124999937E-002   3.9074951653375139E-004
  0.64648437500000000       0.92083155131229222        1.5640118866354024E-003   5.2788085937499937E-002   4.3112075291770388E-004
  0.64453125000000000       0.91595682011118273        1.5758109982882799E-003   5.2255859374999936E-002   4.4535831457067840E-004
  0.64257812500000000       0.90967530022985810        1.5394042801705325E-003   5.1347656249999936E-002   3.5906156559759370E-004
  0.64062500000000000       0.90559405015326322        1.4696633308238197E-003   5.0537109374999944E-002   3.9274622324502774E-004
  0.63867187500000000       0.90119626173424394        1.3925317928688626E-003   4.9467773437499946E-002   4.1881211221451303E-004
  0.63671875000000000       0.89627666956358165        1.4925059342796962E-003   4.8393554687499958E-002   4.4724235290711470E-004
  0.63476562500000000       0.89201245619670000        1.4821358592330349E-003   4.7490234374999954E-002   3.6583228266931164E-004
  0.63281250000000000       0.88783393105454111        1.4453539853176976E-003   4.7377929687499959E-002   3.6851064015467320E-004
  0.63085937500000000       0.88348854478899452        1.6578907928287776E-003   4.7075195312499957E-002   3.9449573459614110E-004
  0.62890625000000000       0.87942171640127464        1.4334374490866646E-003   4.6054687499999955E-002   3.8919700317676829E-004
  0.62695312500000000       0.87426120332124924        1.4299402456016267E-003   4.5024414062499962E-002   4.1060078188930396E-004
  0.62500000000000000       0.86945930596538812        1.4622625870408645E-003   4.4130859374999963E-002   3.6293482781827734E-004
  0.62304687500000000       0.86604308619371240        1.4316252128487249E-003   4.3398437499999963E-002   3.7497759922305157E-004
  0.62109375000000000       0.86102297627776880        1.5745149912607421E-003   4.2690429687499962E-002   3.7963544059989502E-004
  0.61914062500000000       0.85488485544289017        1.3874947548509103E-003   4.1962890624999971E-002   3.8055826934447725E-004
  0.61718750000000000       0.85203553826656542        1.2856802559275250E-003   4.0820312499999976E-002   3.3900231808037154E-004
  0.61523437500000000       0.84674179389701687        1.3862985139992470E-003   4.0209960937499963E-002   3.7690547450873268E-004
  0.61328125000000000       0.84333038333516386        1.4727467300936819E-003   3.9951171874999976E-002   3.9585382387214248E-004
  0.61132812500000000       0.83795172847292176        1.4028936865466439E-003   3.8637695312499970E-002   3.9817556352997259E-004
  0.60937500000000000       0.83362224339484825        1.4349445577275144E-003   3.7924804687499973E-002   4.2658107684791875E-004
  0.60742187500000000       0.82959576604052399        1.4667656161172300E-003   3.7397460937499974E-002   3.8604174514025760E-004
  0.60546875000000000       0.82409129960038707        1.4700064100668813E-003   3.6552734374999972E-002   3.5591555899265750E-004
  0.60351562500000000       0.82033991952102481        1.3368123342540066E-003   3.6083984374999975E-002   3.3960562024909442E-004
  0.60156250000000000       0.81644865045282045        1.4434709688511639E-003   3.5756835937499981E-002   3.4055135562003670E-004
  0.59960937500000000       0.81348960620311228        1.3667209746926659E-003   3.5043945312499970E-002   3.4553576811996277E-004
  0.59765625000000000       0.80975277522785194        1.4090491330175032E-003   3.4804687499999980E-002   3.3000871761821362E-004
  0.59570312500000000       0.80695780868480338        1.4950027393682470E-003   3.4042968749999979E-002   3.5108265952568565E-004
  0.59375000000000000       0.80260951446282747        1.3318763065748736E-003   3.3520507812499975E-002   3.4821013351708758E-004
  0.59179687500000000       0.79899752820004433        1.3338039841677375E-003   3.3208007812499975E-002   3.2258493456966032E-004
  0.58984375000000000       0.79559687155558212        1.2987859393523396E-003   3.2866210937499980E-002   3.5899281105012987E-004
  0.58789062500000000       0.79056685671198590        1.2501392901462455E-003   3.1899414062499985E-002   3.4063620514864862E-004
  0.58593750000000000       0.78511935433954616        1.1490744972766388E-003   3.1337890624999983E-002   3.5438033405823919E-004
  0.58398437500000000       0.78248574314322072        1.1826873378282547E-003   3.0610351562499982E-002   3.2057792829247718E-004
  0.58203125000000000       0.77901990354318340        1.3213824967875274E-003   2.9907226562499983E-002   3.1601403927535807E-004
  0.58007812500000000       0.77558254244345681        1.2801064432218345E-003   2.9365234374999986E-002   3.2640888571789029E-004
  0.57812500000000000       0.77103935243491661        1.3907315920839731E-003   2.9111328124999981E-002   3.3100697767024512E-004
  0.57617187500000000       0.76512870583713877        1.2659368273488878E-003   2.7973632812499986E-002   3.0253662730880983E-004
  0.57421875000000000       0.76050039810837444        1.2353301011917271E-003   2.8032226562499988E-002   3.1084450607679322E-004
  0.57226562500000000       0.75661445057511867        1.2632676910746931E-003   2.7202148437499987E-002   3.2635539030740490E-004
  0.57031250000000000       0.75168922306600661        1.2829884339550525E-003   2.6293945312499990E-002   2.8810934328604135E-004
  0.56835937500000000       0.74814909836206012        1.3393997559607402E-003   2.5815429687499992E-002   2.7800863479366300E-004
  0.56640625000000000       0.74368448060635262        1.2308836974383273E-003   2.5556640624999991E-002   2.9965120583458371E-004
  0.56445312500000000       0.73955625860429708        1.1471446067736974E-003   2.5029296874999992E-002   2.8737659243335373E-004
  0.56250000000000000       0.73550355836069714        1.1755735082264441E-003   2.4511718749999991E-002   2.8623293581593221E-004
  0.56054687500000000       0.73247832247520039        1.1038099257905613E-003   2.4091796874999991E-002   2.8759439465912489E-004
  0.55859375000000000       0.72899439992460391        1.1736897874689452E-003   2.3574218749999997E-002   2.9124400242115683E-004
  0.55664062500000000       0.72528057220512754        1.0966276158222283E-003   2.3149414062499995E-002   2.7587290469442509E-004
  0.55468750000000000       0.72237508185923427        1.2041926045243474E-003   2.3076171874999996E-002   2.8136375858132321E-004
  0.55273437500000000       0.71757404343017717        1.0806102321701178E-003   2.2597656249999990E-002   2.8327964777288470E-004
  0.55078125000000000       0.71432239532706310        1.2504869543679658E-003   2.1855468749999996E-002   2.4685010083329295E-004
  0.54882812500000000       0.70897199578974779        1.2470158434658206E-003   2.1328124999999996E-002   2.5658581465720312E-004
  0.54687500000000000       0.70476300462452623        1.2663166023321249E-003   2.1074218749999995E-002   2.5029913990295256E-004
  0.54492187500000000       0.70109630830054936        1.1949302077861744E-003   2.0385742187499997E-002   2.4274329842651466E-004
  0.54296875000000000       0.69777662378735061        1.1927054671461812E-003   2.0263671874999997E-002   2.6712730099554395E-004
  0.54101562500000000       0.69400613405320799        1.1046619768760376E-003   1.9633789062499997E-002   2.4628115844290679E-004
  0.53906250000000000       0.68971898515777663        1.0725911237006243E-003   1.9384765624999998E-002   2.3241656978708518E-004
  0.53710937500000000       0.68752659603633648        1.0573574670350991E-003   1.8969726562499997E-002   2.2331417210306228E-004
  0.53515625000000000       0.68384270804353686        1.0834236850414355E-003   1.8793945312500001E-002   2.2812812394488557E-004
  0.53320312500000000       0.68074717852952593        1.1483267674640314E-003   1.8447265625000001E-002   2.2537576485420974E-004
  0.53125000000000000       0.67686713643708263        1.1929545253641272E-003   1.8056640624999998E-002   2.3910527034649203E-004
  0.52929687500000000       0.67347703012351690        1.2269877035163490E-003   1.7636718749999999E-002   2.5960901035134131E-004
  0.52734375000000000       0.67077584253344169        1.2487802223536139E-003   1.7250976562499999E-002   2.3330134300470983E-004
  0.52539062500000000       0.66582121723302190        1.2686581150280680E-003   1.6669921875000000E-002   2.2670115257844188E-004
  0.52343750000000000       0.66232317360713833        1.1617479359654066E-003   1.6396484375000003E-002   2.1143824790436009E-004
  0.52148437500000000       0.65855638273134531        1.1546147883664964E-003   1.6206054687500002E-002   1.9930313447750347E-004
  0.51953125000000000       0.65490853488890077        1.1184373402688510E-003   1.5874023437500002E-002   2.0144250542011556E-004
  0.51757812500000000       0.65272134192508380        1.0971925133736735E-003   1.5405273437500004E-002   1.9023736362682318E-004
  0.51562500000000000       0.65082595757931616        1.1383801314043477E-003   1.5151367187500004E-002   2.0369658415385090E-004
  0.51367187500000000       0.64651162119589189        1.0922116062198816E-003   1.4990234375000001E-002   2.0710205588917802E-004
  0.51171875000000000       0.64237431859491434        1.0611292827829057E-003   1.4648437500000005E-002   1.9407554962203862E-004
  0.50976562500000000       0.63796870333768951        1.0192229537111968E-003   1.4624023437500005E-002   2.1338776020588782E-004
  0.50781250000000000       0.63585080202254662        9.5547873773704447E-004   1.4179687500000007E-002   2.0422379090310376E-004
  0.50585937500000000       0.63170720519576173        9.2460770166352647E-004   1.3955078125000006E-002   2.0224012580382131E-004
  0.50390625000000000       0.62812379648676187        9.6405802241555471E-004   1.3549804687500007E-002   1.9250254847914263E-004
  0.50195312500000000       0.62486832149020055        9.1866105319091573E-004   1.3305664062500009E-002   1.8730309933588966E-004
  0.50000000000000000       0.62043312782332471        9.6707410102563345E-004   1.3178710937500006E-002   1.8693243366689054E-004
  0.49804687500000000       0.61689243266209659        9.9082142266427317E-004   1.2915039062500008E-002   1.8601289558973008E-004
  0.49609375000000000       0.61392526255143598        1.0118811613411220E-003   1.2514648437500008E-002   1.9353563090695656E-004
  0.49414062500000000       0.61102588878977759        9.6772219197827016E-004   1.2065429687500013E-002   1.7616102506505266E-004
  0.49218750000000000       0.60708843720403072        1.0747494030229282E-003   1.2114257812500015E-002   1.7892814281181334E-004
  0.49023437500000000       0.60378530000778374        1.0318055928670786E-003   1.1870117187500015E-002   1.8146741390916138E-004
  0.48828125000000000       0.60102391242949704        1.0209799236940895E-003   1.1513671875000018E-002   1.7072995731087103E-004
  0.48632812500000000       0.59756301927191890        9.4358905034946407E-004   1.1196289062500015E-002   1.6161037233609722E-004
  0.48437500000000000       0.59556024719256850        8.4577406588435579E-004   1.1010742187500019E-002   1.5740095916010223E-004
  0.48242187500000000       0.59323996023452996        8.6020244777291598E-004   1.1035156250000016E-002   1.7350318713836495E-004
  0.48046875000000000       0.58942568249631444        1.0221941697451981E-003   1.0673828125000017E-002   1.6642130506274358E-004
  0.47851562500000000       0.58658543060320600        1.0129777707421556E-003   1.0556640625000023E-002   1.7499308166480737E-004
  0.47656250000000000       0.58317469430308810        9.2075765273976851E-004   1.0424804687500022E-002   1.7410938928960710E-004
  0.47460937500000000       0.57924291418838547        1.0448928968189765E-003   1.0322265625000025E-002   1.7488845859494012E-004
  0.47265625000000000       0.57588154582230688        1.0440903422078048E-003   1.0068359375000028E-002   1.7081457064630363E-004
  0.47070312500000000       0.57359421341642636        9.7348555590759454E-004   9.8779296875000280E-003   1.6523553049115086E-004
  0.46875000000000000       0.56994238951646192        1.0191883390493366E-003   9.5361328125000300E-003   1.6734991763253806E-004
  0.46679687500000000       0.56714896795048986        1.0096060814155233E-003   9.3798828125000316E-003   1.4841085759666558E-004
  0.46484375000000000       0.56417606952798427        9.9076536323143278E-004   9.2138671875000317E-003   1.5744379393289784E-004
  0.46289062500000000       0.56192092158923435        1.0325569960076316E-003   8.9892578125000330E-003   1.5317020161943474E-004
  0.46093750000000000       0.55859913794408556        1.0786429869236362E-003   8.8085937500000377E-003   1.4272385251065445E-004
  0.45898437500000000       0.55473246469849025        1.0567953903455256E-003   8.6914062500000385E-003   1.6112459206725122E-004
  0.45703125000000000       0.55162415440617274        9.3652396922516115E-004   8.5791015625000383E-003   1.5033908497786769E-004
  0.45507812500000000       0.54883083008978795        9.3751699346260732E-004   8.3544921875000414E-003   1.4622026775064329E-004
  0.45312500000000000       0.54540301792985380        8.7167794062825992E-004   8.2324218750000414E-003   1.4624085397815193E-004
  0.45117187500000000       0.54141855030561548        9.2982797771828365E-004   8.2031250000000385E-003   1.4787521009291502E-004
  0.44921875000000000       0.53904310033879210        8.8313831312728311E-004   8.0322265625000430E-003   1.5274194204296224E-004
  0.44726562500000000       0.53562591379887170        9.5968547053562495E-004   7.8515625000000408E-003   1.3700029632372608E-004
  0.44531250000000000       0.53432798836375017        8.8951270976994309E-004   7.8173828125000389E-003   1.4197523134468640E-004
  0.44335937500000000       0.53178994778341515        9.5109053652421538E-004   7.6562500000000432E-003   1.3129136469013084E-004
  0.44140625000000000       0.52861763954835084        9.7653139836438390E-004   7.5781250000000458E-003   1.3519539350040799E-004
  0.43945312500000000       0.52565797058832719        9.3113331517890360E-004   7.4755859375000462E-003   1.4352730651314672E-004
  0.43750000000000000       0.52213696175353497        8.3483386353201217E-004   7.4072265625000485E-003   1.2570159225879876E-004
  0.43554687500000000       0.51999421639301446        8.6460572180852740E-004   7.2802734375000443E-003   1.2873796185828814E-004
  0.43359375000000000       0.51714005587494993        9.1315622886402217E-004   7.1191406250000503E-003   1.2912740847266052E-004
  0.43164062500000000       0.51397318364399525        8.6733207796228589E-004   7.0605468750000525E-003   1.2168400838419677E-004
  0.42968750000000000       0.51218322701963925        9.2399981246291574E-004   7.0556640625000508E-003   1.2266074067277907E-004
  0.42773437500000000       0.50977729135076788        8.5410366637415599E-004   6.9677734375000536E-003   1.2794233723314351E-004
  0.42578125000000000       0.50688765654434231        8.6550346286985865E-004   6.8115234375000569E-003   1.2728560865535928E-004
  0.42382812500000000       0.50432032964487417        8.4060920223490620E-004   6.7089843750000565E-003   1.1182438568400656E-004
  0.42187500000000000       0.50158922721411681        8.5857038633444893E-004   6.6845703125000553E-003   1.2034569284545900E-004
  0.41992187500000000       0.49887580753175675        8.5934991930239259E-004   6.6015625000000570E-003   1.2346406823142929E-004
  0.41796875000000000       0.49728350103146951        8.9741610680340645E-004   6.4941406250000567E-003   1.2327276293703352E-004
  0.41601562500000000       0.49432435091016108        9.3604445530757530E-004   6.4941406250000559E-003   1.1909954375355589E-004
  0.41406250000000000       0.49201581278633805        9.2442924227932664E-004   6.4990234375000575E-003   1.2291963061348001E-004
  0.41210937500000000       0.48910424770153554        8.5076468510194756E-004   6.4550781250000576E-003   1.1951939294899835E-004
  0.41015625000000000       0.48624307584502530        8.7358951075041898E-004   6.3867187500000555E-003   1.2311246272870752E-004
  0.40820312500000000       0.48351610773655113        8.1218104161139958E-004   6.2792968750000587E-003   1.2200025609673812E-004
  0.40625000000000000       0.48010514308539148        8.1015701334062628E-004   6.1816406250000599E-003   1.1843444984587141E-004
  0.40429687500000000       0.47735364616919201        8.3271579040871692E-004   6.0791015625000621E-003   1.2068141367766220E-004
  0.40234375000000000       0.47370658431060220        8.2812571425093322E-004   6.0058593750000619E-003   1.1747075536566924E-004
  0.40039062500000000       0.47179253805319399        8.8053638427851451E-004   5.9423828125000659E-003   1.1341429696450227E-004
  0.39843750000000000       0.46922480370365471        8.4866397608195413E-004   5.9033203125000632E-003   1.1447950130180761E-004
  0.39648437500000000       0.46657553745413549        8.2271750236469264E-004   5.8251953125000632E-003   1.1022683560333069E-004
  0.39453125000000000       0.46377537429555088        8.2164798260414248E-004   5.8203125000000633E-003   1.1606416564161974E-004
  0.39257812500000000       0.46127767120940499        7.6788475705709749E-004   5.8056640625000653E-003   1.1506702070077934E-004
  0.39062500000000000       0.45804887817267259        7.8720316950131185E-004   5.7568359375000612E-003   1.1473166372771498E-004
  0.38867187500000000       0.45667484720848328        7.2226674676474027E-004   5.6884765625000652E-003   1.1390586645659904E-004
  0.38671875000000000       0.45397568778208819        8.1695577962407110E-004   5.5957031250000663E-003   1.1496756369704447E-004
  0.38476562500000000       0.45112069706494368        7.6422536436342723E-004   5.5419921875000640E-003   1.0624856930889698E-004
  0.38281250000000000       0.44928446313974796        7.8638906420434081E-004   5.5078125000000665E-003   1.0549906913159892E-004
  0.38085937500000000       0.44667513826000210        7.7997035815495432E-004   5.4443359375000687E-003   1.0804666323543230E-004
  0.37890625000000000       0.44400594872435867        7.6017233314794211E-004   5.4345703125000689E-003   1.0191713674774065E-004
  0.37695312500000000       0.44140617806222898        7.6223347567681387E-004   5.4345703125000689E-003   1.0402207019905272E-004
  0.37500000000000000       0.43913569533101188        7.4305245957116618E-004   5.3710937500000685E-003   1.0525224457728707E-004
  0.37304687500000000       0.43689651788275136        7.6300088866046011E-004   5.3076171875000707E-003   1.1053228851537113E-004
  0.37109375000000000       0.43428913238391426        7.0929485293023725E-004   5.2539062500000676E-003   1.0202695555431681E-004
  0.36914062500000000       0.43166407252973632        7.3777234683931620E-004   5.2294921875000698E-003   1.0064261712741168E-004
  0.36718750000000000       0.42902286392153194        7.4977349818974848E-004   5.2148437500000710E-003   1.0681485257595764E-004
  0.36523437500000000       0.42621994492008775        7.4184575235155463E-004   5.1757812500000718E-003   1.0548080563814752E-004
  0.36328125000000000       0.42334528144072192        6.8745377311513396E-004   5.1464843750000724E-003   1.0534830062109972E-004
  0.36132812500000000       0.42125488497621555        7.3512936972825263E-004   5.1220703125000730E-003   1.0398502117792865E-004
  0.35937500000000000       0.41930761913057479        7.1614594596610044E-004   5.0439453125000720E-003   9.8894990302658608E-005
  0.35742187500000000       0.41681452061850488        7.6489616884657511E-004   5.0390625000000713E-003   9.9338416065129320E-005
  0.35546875000000000       0.41480504988552108        7.6232208744842801E-004   5.0097656250000719E-003   1.0024100652086740E-004
  0.35351562500000000       0.41292614732215327        7.2333819016757875E-004   4.9853515625000741E-003   9.9922171081839379E-005
  0.35156250000000000       0.41101012512487534        6.7030983996522564E-004   4.9658203125000746E-003   1.0130090227691716E-004
  0.34960937500000000       0.40824365362635268        6.9537057855376572E-004   4.9365234375000743E-003   9.9099334091385410E-005
  0.34765625000000000       0.40581154035466255        7.1306411166963222E-004   4.8730468750000748E-003   1.0152056820624809E-004
  0.34570312500000000       0.40356792600970648        7.6270427435812184E-004   4.8242187500000758E-003   1.0182848692428628E-004
  0.34375000000000000       0.40148875555545288        7.4101686981772842E-004   4.8193359375000751E-003   1.0024941484242974E-004
  0.34179687500000000       0.39859031132186862        7.6832840681201916E-004   4.7460937500000758E-003   1.0201751342246037E-004
  0.33984375000000000       0.39607507736673753        7.5505011055224190E-004   4.7412109375000767E-003   1.0370673163279221E-004
  0.33789062500000000       0.39370187977899307        7.3481055154077141E-004   4.6972656250000777E-003   1.0288724368020120E-004
  0.33593750000000000       0.39121812603757261        7.8155287300808176E-004   4.6972656250000759E-003   1.0312104674422529E-004
  0.33398437500000000       0.38861211726292633        7.1299497965867840E-004   4.6875000000000770E-003   1.0270450780704281E-004
  0.33203125000000000       0.38629218039285512        7.3097614613099754E-004   4.6875000000000779E-003   1.0199862653654020E-004
  0.33007812500000000       0.38439140278851497        6.6105974486992483E-004   4.6386718750000772E-003   1.0116887378060803E-004
  0.32812500000000000       0.38161342847710755        7.1215226198012409E-004   4.6142578125000760E-003   9.9941450376056609E-005
  0.32617187500000000       0.37926088762121374        7.1329445570459228E-004   4.6191406250000767E-003   1.0091145833333205E-004
  0.32421875000000000       0.37673945268796971        7.1988697870811237E-004   4.5947265625000773E-003   1.0154784481422451E-004
  0.32226562500000000       0.37478078687230992        7.0225554184670904E-004   4.5947265625000790E-003   1.0035505935844235E-004
  0.32031250000000000       0.37268046504076408        6.4322942216901160E-004   4.5898437500000774E-003   9.8881595919765090E-005
  0.31835937500000000       0.37052060328264758        6.7247963077417825E-004   4.5361328125000785E-003   9.9680865286137685E-005
  0.31640625000000000       0.36845769467737782        6.7492049459307046E-004   4.5361328125000802E-003   9.8709743319143602E-005
  0.31445312500000000       0.36543739153574750        6.6738488444005573E-004   4.5263671875000813E-003   9.8112638964168521E-005
  0.31250000000000000       0.36283175045277333        6.9051841846547591E-004   4.5214843750000814E-003   9.7315337712668241E-005
  0.31054687500000000       0.36060475543434944        6.8240638962918188E-004   4.4873046875000796E-003   9.3806034899830262E-005
  0.30859375000000000       0.35812068792996848        6.6057628623202957E-004   4.4531250000000803E-003   9.3183972958058812E-005
  0.30664062500000000       0.35532740948470865        6.3973359945840508E-004   4.4384765625000797E-003   9.2877213854488478E-005
  0.30468750000000000       0.35374460546692610        6.5193626685557940E-004   4.4287109375000799E-003   9.2398877555216881E-005
  0.30273437500000000       0.35156254105245038        6.7213709989805311E-004   4.4140625000000802E-003   9.2311522437214439E-005
  0.30078125000000000       0.34904343228108409        6.2892974476213485E-004   4.4042968750000813E-003   9.3106407971705666E-005
  0.29882812500000000       0.34707684853148868        6.7054533994486830E-004   4.3701171875000812E-003   9.3208521747490053E-005
  0.29687500000000000       0.34475074369229020        6.8322621591102018E-004   4.3505859375000825E-003   9.2877213854488478E-005
  0.29492187500000000       0.34279373237173283        6.4830396623033915E-004   4.3261718750000830E-003   9.4401041666665513E-005
  0.29296875000000000       0.34134438247173399        6.2306842828601197E-004   4.3164062500000815E-003   9.4833737646092311E-005
  0.29101562500000000       0.33849908694901165        6.1617738047971065E-004   4.2968750000000819E-003   9.3369866029139684E-005
  0.28906250000000000       0.33612781692958338        6.5950282953707202E-004   4.2968750000000819E-003   9.2592849474206293E-005
  0.28710937500000000       0.33377282910130929        6.2470412477526652E-004   4.2919921875000829E-003   9.2148325099966247E-005
  0.28515625000000000       0.33132072802644397        6.1422217576647124E-004   4.2675781250000825E-003   9.1971746717707393E-005
  0.28320312500000000       0.32899987869765612        6.1331152444760357E-004   4.2578125000000818E-003   9.1304228575334474E-005
  0.28125000000000000       0.32617348505689259        5.7282014501752331E-004   4.2529296875000819E-003   9.0832191271332364E-005
  0.27929687500000000       0.32384892473667265        6.1021333889039412E-004   4.2382812500000814E-003   9.0456248945484699E-005
  0.27734375000000000       0.32145716852694028        5.8716400543300316E-004   4.2333984375000841E-003   9.0236337156585590E-005
  0.27539062500000000       0.31957908876937891        5.7164009310590070E-004   4.2138671875000819E-003   9.0927589345464552E-005
  0.27343750000000000       0.31727360609765709        5.8210635946233456E-004   4.2089843750000838E-003   8.9895415329731089E-005
  0.27148437500000000       0.31519535943180510        5.8566181622179676E-004   4.1796875000000835E-003   8.8147815686124989E-005
  0.26953125000000000       0.31249541928175611        5.6224731797092150E-004   4.1748046875000853E-003   8.7889254952143447E-005
  0.26757812500000000       0.31043485005684873        6.0278934456283785E-004   4.1699218750000863E-003   8.8447833872299649E-005
  0.26562500000000000       0.30788955777902827        5.9415218160050148E-004   4.1650390625000864E-003   8.8457363201911997E-005
  0.26367187500000000       0.30596389239094302        5.8378765948190994E-004   4.1601562500000848E-003   8.8735982602259294E-005
  0.26171875000000000       0.30350850356065751        5.6391267149601804E-004   4.1503906250000885E-003   8.9282521552705934E-005
  0.25976562500000000       0.30177664264574944        5.7989795614659257E-004   4.1357421875000862E-003   8.8457363201912485E-005
  0.25781250000000000       0.29956989986572125        5.6997205470794420E-004   4.1308593750000854E-003   8.8719697284298486E-005
  0.25585937500000000       0.29780315220701253        5.9473400471105335E-004   4.1210937500000891E-003   8.9503431542104338E-005
  0.25390625000000000       0.29536261220695831        5.7395644055279328E-004   4.1113281250000858E-003   8.8382462219709090E-005
  0.25195312500000000       0.29344911999592199        5.7790302612415769E-004   4.1064453125000859E-003   8.8086322446189727E-005
  0.25000000000000000       0.29121812503253786        5.4441939913025758E-004   4.0917968750000880E-003   8.7451114181957184E-005
  0.24804687500000000       0.28898254798198936        5.7418900171688208E-004   4.0917968750000880E-003   8.7451114181957184E-005
  0.24609375000000000       0.28666057323654209        5.6043060231741285E-004   4.0771484375000874E-003   8.7614814766267466E-005
  0.24414062500000000       0.28438702694795404        5.6630393316424432E-004   4.0673828125000868E-003   8.7526812167944051E-005
  0.24218750000000000       0.28198184226725226        5.4021963030005313E-004   4.0673828125000894E-003   8.7526812167943414E-005
  0.24023437500000000       0.27968829995073663        5.5527665750026750E-004   4.0576171875000896E-003   8.7976895002539582E-005
  0.23828125000000000       0.27778551149658115        5.2475363882734398E-004   4.0625000000000895E-003   8.7753514334940643E-005
  0.23632812500000000       0.27577943287237783        5.3550999188907661E-004   4.0380859375000883E-003   8.8837698202715157E-005
  0.23437500000000000       0.27378793406720703        5.4344038518879315E-004   4.0283203125000867E-003   8.8707481333816639E-005
  0.23242187500000000       0.27184467905139692        5.0869306147677967E-004   4.0185546875000878E-003   8.9378226436799280E-005
  0.23046875000000000       0.26966139274777345        5.5345860046066822E-004   4.0185546875000878E-003   8.9378226436799389E-005
  0.22851562500000000       0.26753419671730344        5.6732282786425879E-004   4.0087890625000898E-003   8.8413792167922251E-005
  0.22656250000000000       0.26580180515844054        5.9727919288707365E-004   4.0087890625000889E-003   8.8413792167922996E-005
  0.22460937500000000       0.26332224376507968        5.7922549925583757E-004   3.9941406250000892E-003   8.8436941952565581E-005
  0.22265625000000000       0.26082204617023036        6.0549003840913089E-004   3.9843750000000903E-003   8.8529480556234487E-005
  0.22070312500000000       0.25883760289236230        5.8377989650272198E-004   3.9794921875000912E-003   8.9248798219472152E-005
  0.21875000000000000       0.25679732011119949        5.4886611695404959E-004   3.9746093750000896E-003   8.9152954395478327E-005
  0.21679687500000000       0.25470083204141131        5.5827983046123880E-004   3.9746093750000905E-003   8.9152954395477595E-005
  0.21484375000000000       0.25244077989901981        5.7334375217588909E-004   3.9697265625000897E-003   8.9593524635433303E-005
  0.21289062500000000       0.25066594668680214        5.9276440700684128E-004   3.9599609375000908E-003   8.9926218172450354E-005
  0.21093750000000000       0.24831948281618024        5.6994324464688245E-004   3.9648437500000898E-003   8.9223159961505274E-005
  0.20898437500000000       0.24634480280780793        5.7422783503175258E-004   3.9501953125000901E-003   8.9442870312123572E-005
  0.20703125000000000       0.24429113826653784        5.7039866776531717E-004   3.9404296875000912E-003   8.9216411826963408E-005
  0.20507812500000000       0.24249709510133491        5.4032914775399186E-004   3.9355468750000904E-003   8.8284313980416438E-005
  0.20312500000000000       0.24038085465328829        5.2387158417940317E-004   3.9355468750000896E-003   8.8284313980416303E-005
  0.20117187500000000       0.23829945214160567        5.4080654016266353E-004   3.9208984375000916E-003   8.8729197416354189E-005
  0.19921875000000000       0.23609678116290797        5.5505628910924973E-004   3.9111328125000892E-003   8.8195614119412311E-005
  0.19726562500000000       0.23386732655213646        5.3420944009591816E-004   3.9111328125000901E-003   8.8195614119412311E-005
  0.19531250000000000       0.23178811872531013        5.3533375710371829E-004   3.8916015625000914E-003   8.7636801608049320E-005
  0.19335937500000000       0.22954230401494591        5.4548579820032491E-004   3.8818359375000912E-003   8.7063339170380004E-005
  0.19140625000000000       0.22720832804716309        5.5296354768042213E-004   3.8671875000000910E-003   8.7147664714545218E-005
  0.18945312500000000       0.22509411700189713        5.1608695986451612E-004   3.8671875000000915E-003   8.7147664714544716E-005
  0.18750000000000000       0.22321270366493950        5.1401022572876952E-004   3.8623046875000916E-003   8.7537817330928956E-005
  0.18554687500000000       0.22110077604799636        5.3810923277989176E-004   3.8525390625000918E-003   8.8577073033724985E-005
  0.18359375000000000       0.21887060951661766        5.2276881876679173E-004   3.8476562500000923E-003   8.8136886690274777E-005
  0.18164062500000000       0.21676264675117271        5.4197739903694858E-004   3.8427734375000916E-003   8.7140755854886028E-005
  0.17968750000000000       0.21468819792147059        5.1595886133518380E-004   3.8378906250000912E-003   8.6965086795325652E-005
  0.17773437500000000       0.21249713770416678        5.1085737644933674E-004   3.8330078125000909E-003   8.6508348085404405E-005
  0.17578125000000000       0.21045409184651490        4.9389943380788470E-004   3.8281250000000914E-003   8.6881969996448679E-005
  0.17382812500000000       0.20874266050138301        4.8819986691792393E-004   3.8183593750000916E-003   8.7616189105524394E-005
  0.17187500000000000       0.20681176563421999        4.9165951370664252E-004   3.8183593750000912E-003   8.7890624999999400E-005
  0.16992187500000000       0.20483303067703953        5.2930951804270991E-004   3.8085937500000906E-003   8.6682164511581245E-005
  0.16796875000000000       0.20264223055403982        5.0397109621892170E-004   3.8037109375000911E-003   8.6486074364052458E-005
  0.16601562500000000       0.20052399754998984        5.1276709631619744E-004   3.7988281250000912E-003   8.6565398336842686E-005
  0.16406250000000000       0.19851954978704925        5.1192761086614003E-004   3.7841796875000919E-003   8.6786287269251524E-005
  0.16210937500000000       0.19655417031797134        5.1969062377822618E-004   3.7792968750000916E-003   8.6576525709898972E-005
  0.16015625000000000       0.19435090954067383        4.9581016617489975E-004   3.7792968750000916E-003   8.6576525709899108E-005
  0.15820312500000000       0.19228652507890329        4.7927699101933381E-004   3.7792968750000916E-003   8.6576525709899230E-005
  0.15625000000000000       0.19021992121991457        4.6746812458496785E-004   3.7744140625000900E-003   8.6363466212963146E-005
  0.15429687500000000       0.18800624339658739        4.2959604601780298E-004   3.7646484375000928E-003   8.5927354898619721E-005
  0.15234375000000000       0.18579672639962586        4.4051381011157793E-004   3.7646484375000928E-003   8.5927354898619721E-005
  0.15039062500000000       0.18382269171914845        4.4652063721802070E-004   3.7646484375000915E-003   8.5927354898620101E-005
  0.14843750000000000       0.18190529911216721        4.3084641190471658E-004   3.7597656250000929E-003   8.6543139298588819E-005
  0.14648437500000000       0.17990069648236362        4.4609429710756713E-004   3.7597656250000916E-003   8.6543139298589700E-005
  0.14453125000000000       0.17789240330273146        4.4926354129098598E-004   3.7597656250000916E-003   8.6543139298589321E-005
  0.14257812500000000       0.17576769800022252        4.5642283041975212E-004   3.7500000000000922E-003   8.5810964867692925E-005
  0.14062500000000000       0.17384732240130676        4.4606676076458578E-004   3.7500000000000944E-003   8.5810964867692288E-005
  0.13867187500000000       0.17193986917707715        4.5355941218563889E-004   3.7451171875000923E-003   8.6697443674747806E-005
  0.13671875000000000       0.17021056475855975        4.5117985788878856E-004   3.7402343750000942E-003   8.6743265016403739E-005
  0.13476562500000000       0.16826799678614188        4.3035908587828029E-004   3.7353515625000943E-003   8.6786287269250629E-005
  0.13281250000000000       0.16592557388206403        4.4174508615285385E-004   3.7353515625000938E-003   8.6786287269251009E-005
  0.13085937500000000       0.16415160228984965        4.2948217844438689E-004   3.7304687500000931E-003   8.6548704594841929E-005
  0.12890625000000000       0.16206486085678734        4.3438017346392275E-004   3.7304687500000922E-003   8.6548704594842688E-005
  0.12695312500000000       0.16028621544227270        4.2698426465435777E-004   3.7304687500000918E-003   8.6548704594843203E-005
  0.12500000000000000       0.15823163802551263        4.1904715048515057E-004   3.7304687500000931E-003   8.6548704594841794E-005
  0.12304687500000000       0.15618306606604235        4.2672665470202636E-004   3.7304687500000944E-003   8.6548704594841685E-005
  0.12109375000000000       0.15406861327893037        4.1497706680177578E-004   3.7255859375000932E-003   8.7416684337008520E-005
  0.11914062500000000       0.15203953927399053        4.1396965064543942E-004   3.7255859375000936E-003   8.7416684337009143E-005
  0.11718750000000000       0.15013399469308308        4.2556960613582284E-004   3.7255859375000945E-003   8.7416684337008520E-005
  0.11523437500000000       0.14821318915627188        4.2408095564224326E-004   3.7255859375000932E-003   8.7416684337008398E-005
  0.11328125000000000       0.14624049142136783        4.2435369672893093E-004   3.7255859375000928E-003   8.7416684337008899E-005
  0.11132812500000000       0.14448983335727517        4.2281643029622087E-004   3.7255859375000928E-003   8.7416684337009143E-005
  0.10937500000000000       0.14259880103055436        4.1762277358361587E-004   3.7255859375000936E-003   8.7416684337008899E-005
  0.10742187500000000       0.14061936830871241        4.1278272746090168E-004   3.7207031250000937E-003   8.7726066486427332E-005
  0.10546875000000000       0.13854201514237027        4.0056307014407088E-004   3.7207031250000929E-003   8.7726066486428091E-005
  0.10351562500000000       0.13669956228299768        4.0889762063926229E-004   3.7158203125000938E-003   8.7482777671721968E-005
  0.10156250000000000       0.13468956209232061        4.1214398976975684E-004   3.7109375000000957E-003   8.7236049792751631E-005
   9.9609375000000000E-002  0.13281791987969663        4.1235998235768419E-004   3.7109375000000957E-003   8.7236049792751495E-005
   9.7656250000000000E-002  0.13101767927367589        4.2198756302593086E-004   3.7109375000000948E-003   8.7236049792751631E-005
   9.5703125000000000E-002  0.12903356027625421        4.3171241661328961E-004   3.7109375000000931E-003   8.7236049792752877E-005
   9.3750000000000000E-002  0.12710049657240041        4.2772917969304279E-004   3.7109375000000944E-003   8.7236049792752376E-005
   9.1796875000000000E-002  0.12513877125675971        4.2580234134846569E-004   3.7109375000000944E-003   8.7236049792752118E-005
   8.9843750000000000E-002  0.12329307316153848        4.2453846197158644E-004   3.7109375000000939E-003   8.7236049792752633E-005
   8.7890625000000000E-002  0.12148208685028662        4.2355213439461978E-004   3.7109375000000931E-003   8.7236049792752376E-005
   8.5937500000000000E-002  0.11960158516717795        4.2229787844708864E-004   3.7109375000000939E-003   8.7236049792752633E-005
   8.3984375000000000E-002  0.11773806149205047        4.2181505047346078E-004   3.7109375000000939E-003   8.7236049792752376E-005
   8.2031250000000000E-002  0.11594254472656187        4.1009984109128991E-004   3.7109375000000939E-003   8.7236049792752498E-005
   8.0078125000000000E-002  0.11413262919051949        3.9853415635158232E-004   3.7109375000000939E-003   8.7236049792752755E-005
   7.8125000000000000E-002  0.11224336255977133        3.8261595231067920E-004   3.7109375000000922E-003   8.7236049792753135E-005
   7.6171875000000000E-002  0.11031796262584788        3.9362454718471027E-004   3.7109375000000931E-003   8.7236049792752498E-005
   7.4218750000000000E-002  0.10840079996804636        3.8881865401209993E-004   3.7109375000000926E-003   8.7236049792752633E-005
   7.2265625000000000E-002  0.10658901896270657        3.8425035779822046E-004   3.7109375000000944E-003   8.7236049792751875E-005
   7.0312500000000000E-002  0.10473270855319138        3.8538363225158062E-004   3.7109375000000944E-003   8.7236049792752118E-005
   6.8359375000000000E-002  0.10292456286578273        3.7514858682809193E-004   3.7109375000000944E-003   8.7236049792752254E-005
   6.6406250000000000E-002  0.10107934780303753        3.7756254835392901E-004   3.7109375000000939E-003   8.7236049792752376E-005
   6.4453125000000000E-002   9.9238675605095694E-002   3.7123882727008167E-004   3.7109375000000948E-003   8.7236049792751631E-005
   6.2500000000000000E-002   9.7412181945622844E-002   3.6426421340684807E-004   3.7109375000000939E-003   8.7236049792752376E-005
   6.0546875000000000E-002   9.5665705060949957E-002   3.6289355086543474E-004   3.7060546875000936E-003   8.6985853585695936E-005
   5.8593750000000000E-002   9.3857883164437869E-002   3.6265681945885054E-004   3.7060546875000936E-003   8.6985853585695800E-005
   5.6640625000000000E-002   9.2069741000329428E-002   3.7079362559764022E-004   3.7060546875000927E-003   8.6985853585696058E-005
   5.4687500000000000E-002   9.0182217034141879E-002   3.7021614701528968E-004   3.7060546875000945E-003   8.6985853585695556E-005
   5.2734375000000000E-002   8.8390451156191152E-002   3.6536306323714621E-004   3.7060546875000914E-003   8.6985853585696816E-005
   5.0781250000000000E-002   8.6681994848750818E-002   3.7152017126460755E-004   3.7060546875000945E-003   8.6985853585695190E-005
   4.8828125000000000E-002   8.4929244931215953E-002   3.7383681905091292E-004   3.7060546875000936E-003   8.6985853585695800E-005
   4.6875000000000000E-002   8.3200300263524735E-002   3.7399112678756228E-004   3.7011718750000950E-003   8.8109558269819187E-005
   4.4921875000000000E-002   8.1490697713333268E-002   3.7791084499394804E-004   3.7011718750000946E-003   8.8109558269819187E-005
   4.2968750000000000E-002   7.9757488378420408E-002   3.7912752873698062E-004   3.7011718750000937E-003   8.8109558269819675E-005
   4.1015625000000000E-002   7.8055530971808867E-002   3.8126434487163058E-004   3.6914062500000944E-003   8.6771023750198734E-005
   3.9062500000000000E-002   7.6257701979608891E-002   3.8499684942780741E-004   3.6865234375000940E-003   8.5949773411187998E-005
   3.7109375000000000E-002   7.4547756222782341E-002   3.8584736997622824E-004   3.6865234375000945E-003   8.5949773411188242E-005
   3.5156250000000000E-002   7.2828702787938487E-002   3.8793137355583432E-004   3.6865234375000932E-003   8.5949773411188134E-005
   3.3203125000000000E-002   7.1148777368571323E-002   3.8892643739339147E-004   3.6865234375000940E-003   8.5949773411188242E-005
   3.1250000000000000E-002   6.9509044701220143E-002   3.8705388951541938E-004   3.6865234375000949E-003   8.5949773411187605E-005
   2.9296875000000000E-002   6.7812375839448838E-002   3.8070668857986747E-004   3.6865234375000949E-003   8.5949773411187741E-005
   2.7343750000000000E-002   6.6206085852870522E-002   3.8051778414631719E-004   3.6865234375000949E-003   8.5949773411187741E-005
   2.5390625000000000E-002   6.4558673800559074E-002   3.7844852984553656E-004   3.6816406250000937E-003   8.6520874533800755E-005
   2.3437500000000000E-002   6.2971934958269180E-002   3.7429489777309778E-004   3.6816406250000937E-003   8.6520874533800755E-005
   2.1484375000000000E-002   6.1407194125559388E-002   3.6988184773256488E-004   3.6816406250000946E-003   8.6520874533800633E-005
   1.9531250000000000E-002   5.9831541360066201E-002   3.6785828210284568E-004   3.6767578125000942E-003   8.6530616073310625E-005
   1.7578125000000000E-002   5.8291825197007763E-002   3.6973890998205481E-004   3.6767578125000934E-003   8.6530616073311127E-005
   1.5625000000000000E-002   5.6773629067015892E-002   3.7093631969399641E-004   3.6767578125000942E-003   8.6530616073310747E-005
   1.3671875000000000E-002   5.5288969524045460E-002   3.7060126927605124E-004   3.6767578125000955E-003   8.6530616073309988E-005
   1.1718750000000000E-002   5.3816777953057698E-002   3.7042432396882112E-004   3.6767578125000942E-003   8.6530616073310869E-005
   9.7656250000000000E-003   5.2382906202125629E-002   3.7072469614548816E-004   3.6767578125000951E-003   8.6530616073310625E-005
   7.8125000000000000E-003   5.0982684989751760E-002   3.7007373464521787E-004   3.6767578125000942E-003   8.6530616073310625E-005
   5.8593750000000000E-003   4.9622481011955884E-002   3.6874465571931923E-004   3.6767578125000951E-003   8.6530616073310625E-005
   3.9062500000000000E-003   4.8310903493077914E-002   3.6842528351234557E-004   3.6767578125000951E-003   8.6530616073310625E-005
   1.9531250000000000E-003   4.7068851916013454E-002   3.6971334730944144E-004   3.6767578125000951E-003   8.6530616073310625E-005
   0.0000000000000000        4.5885283024692393E-002   3.7011208553955289E-004   3.6767578125000951E-003   8.6530616073310490E-005
