   1.0000000000000000        1.5745610994831196        1.2217085898404987E-003  0.19466500000000128        4.6975735193531906E-004
  0.99804687500000000        1.5754412717190247        1.1898890205471334E-003  0.19595750000000151        4.6588211919959283E-004
  0.99609375000000000        1.5724117155885378        1.3007590492072557E-003  0.19490000000000152        4.4060048556327468E-004
  0.99414062500000000        1.5687176094085367        1.1589788931566842E-003  0.19414000000000126        4.7807114554450846E-004
  0.99218750000000000        1.5674169275345100        1.2529890026822840E-003  0.19341000000000125        5.2475968525859625E-004
  0.99023437500000000        1.5663972641073933        1.2984932798116311E-003  0.19343500000000116        4.8843467766286565E-004
  0.98828125000000000        1.5638990752619599        1.2352561642218899E-003  0.19201000000000115        4.9341522661792525E-004
  0.98632812500000000        1.5594889417831683        1.3895241918034634E-003  0.19223250000000114        5.4973886133008042E-004
  0.98437500000000000        1.5582867459107219        1.4481566416149692E-003  0.19144750000000108        5.1594885376056421E-004
  0.98242187500000000        1.5564290457981180        1.5255537613269828E-003  0.19036250000000085        5.0278736946054482E-004
  0.98046875000000000        1.5525584854998260        1.4357213328344645E-003  0.18992750000000075        5.1988604763517803E-004
  0.97851562500000000        1.5507529497696459        1.5040482449515749E-003  0.18901250000000080        5.2467372015961361E-004
  0.97656250000000000        1.5471126017329109        1.2317533042761318E-003  0.18806750000000064        5.3162433335786591E-004
  0.97460937500000000        1.5433357277881523        1.2995497854818160E-003  0.18775250000000068        5.3535949169995756E-004
  0.97265625000000000        1.5394289778869128        1.3527696473167366E-003  0.18701500000000057        4.9667861486534458E-004
  0.97070312500000000        1.5357727842418192        1.1494009223906618E-003  0.18603250000000038        4.9319427554918554E-004
  0.96875000000000000        1.5336878338302213        1.2389484505588239E-003  0.18544250000000037        4.5149659942560823E-004
  0.96679687500000000        1.5308223318753968        1.2109347930234352E-003  0.18461500000000031        4.8312978995223015E-004
  0.96484375000000000        1.5286998913926271        1.1995932183828900E-003  0.18417000000000019        5.1116177834080879E-004
  0.96289062500000000        1.5261266187529232        1.2122280549737197E-003  0.18401500000000012        4.8527327508892000E-004
  0.96093750000000000        1.5249529325388533        1.2221192888208679E-003  0.18443000000000043        4.6059469682875842E-004
  0.95898437500000000        1.5205911821737923        1.1952611871365068E-003  0.18293750000000009        4.4156481101104812E-004
  0.95703125000000000        1.5167369440878331        1.2420392861882523E-003  0.18170999999999990        4.4101180725878802E-004
  0.95507812500000000        1.5130741526932590        1.2750442379544044E-003  0.18032749999999978        4.8135298320946653E-004
  0.95312500000000000        1.5116115971590582        1.3615939775744738E-003  0.18043499999999996        4.9792016925314265E-004
  0.95117187500000000        1.5078768576903472        1.3268267958369702E-003  0.17958999999999975        5.1277271630417970E-004
  0.94921875000000000        1.5048653642481842        1.1786475663697030E-003  0.17940999999999974        5.2385661929184335E-004
  0.94726562500000000        1.5038125157688866        1.2017862796739848E-003  0.17878499999999967        4.5074321342025004E-004
  0.94531250000000000        1.5000749931066155        1.3245257903873797E-003  0.17824499999999963        5.1706949106084476E-004
  0.94335937500000000        1.4967894299774158        1.1657036803811222E-003  0.17739499999999953        4.8202775602223760E-004
  0.94140625000000000        1.4945443336626776        1.3339042264656860E-003  0.17637999999999937        4.7186605700963609E-004
  0.93945312500000000        1.4935572410087226        1.4654181729758927E-003  0.17604499999999942        4.8557968065240784E-004
  0.93750000000000000        1.4903059260270441        1.3812678203858988E-003  0.17569499999999941        5.1855203415007852E-004
  0.93554687500000000        1.4854787334616035        1.4080147036922190E-003  0.17475749999999932        5.3538260415164120E-004
  0.93359375000000000        1.4829577362862199        1.1450389261560621E-003  0.17266499999999901        4.7013349705236760E-004
  0.93164062500000000        1.4786271200514312        1.1587308968270898E-003  0.17248999999999906        4.7108192686433098E-004
  0.92968750000000000        1.4769789384122520        1.3715789479758712E-003  0.17281749999999899        5.2312501885667679E-004
  0.92773437500000000        1.4712325778212740        1.3299595758441663E-003  0.17076249999999893        5.2521490310572505E-004
  0.92578125000000000        1.4692966328538679        1.2692716703856630E-003  0.16970249999999876        4.8169386260651047E-004
  0.92382812500000000        1.4662750826908755        1.3460462409695074E-003  0.16912749999999860        4.5436289894731859E-004
  0.92187500000000000        1.4621990084003160        1.2426781093199050E-003  0.16863999999999860        4.6919391438210906E-004
  0.91992187500000000        1.4596700752856850        1.3070455059650504E-003  0.16811749999999862        4.9700434676892597E-004
  0.91796875000000000        1.4564276741010200        1.2879251344378546E-003  0.16759749999999848        4.7126917344426168E-004
  0.91601562500000000        1.4539633043855178        1.2280100314182828E-003  0.16737999999999853        4.9552900005860598E-004
  0.91406250000000000        1.4512565711569945        1.2652311869537868E-003  0.16625499999999846        4.6082627809822111E-004
  0.91210937500000000        1.4494377048564495        1.2660459551056787E-003  0.16617249999999839        4.3600132923104124E-004
  0.91015625000000000        1.4462256186776534        1.1931152957663197E-003  0.16585499999999828        4.2048522956606506E-004
  0.90820312500000000        1.4427159413313801        1.3871875451810720E-003  0.16481499999999843        4.6977616634355642E-004
  0.90625000000000000        1.4401135240689014        1.3658814543082449E-003  0.16398249999999831        4.2164083942941664E-004
  0.90429687500000000        1.4374778423919110        1.4935439905005604E-003  0.16290749999999829        5.3133687643790747E-004
  0.90234375000000000        1.4351245229255485        1.3886662353174526E-003  0.16206249999999819        5.5904381525437427E-004
  0.90039062500000000        1.4300786187836743        1.3032209038425125E-003  0.16132249999999826        4.7302613537466382E-004
  0.89843750000000000        1.4271550344897452        1.4161779005619614E-003  0.16102749999999830        5.2086387789230019E-004
  0.89648437500000000        1.4243154841541477        1.4582302087554257E-003  0.15986499999999823        5.0700173330651792E-004
  0.89453125000000000        1.4207770048680362        1.2152468343919623E-003  0.15939749999999825        4.6749243768545056E-004
  0.89257812500000000        1.4173934708640106        1.3062339797692572E-003  0.15879499999999827        4.7394726510568367E-004
  0.89062500000000000        1.4124080383584601        1.2154508190345276E-003  0.15742499999999832        4.6768692584464399E-004
  0.88867187500000000        1.4088889102441409        1.2199878373203104E-003  0.15658249999999824        4.9450330911669609E-004
  0.88671875000000000        1.4079242344830118        1.1317176926794862E-003  0.15636249999999832        4.5930853552694355E-004
  0.88476562500000000        1.4046468942181514        1.2587276849413264E-003  0.15532499999999838        4.9211587080963772E-004
  0.88281250000000000        1.4023325778271216        1.3002678641933847E-003  0.15470999999999843        4.6123352397263223E-004
  0.88085937500000000        1.3978908096982259        1.2300069043931579E-003  0.15384749999999836        4.4805831093732161E-004
  0.87890625000000000        1.3955694297405805        1.2929813051875800E-003  0.15384999999999840        4.8131763593964316E-004
  0.87695312500000000        1.3911917182764126        1.3575862846133401E-003  0.15220999999999851        4.7826126581991719E-004
  0.87500000000000000        1.3873216705744948        1.2470719165797014E-003  0.15143749999999848        4.2717617246658591E-004
  0.87304687500000000        1.3832582990518896        1.2368692031906651E-003  0.15048499999999859        4.4996941534646364E-004
  0.87109375000000000        1.3799573551573681        1.2742351078770516E-003  0.14994499999999852        4.4379248267249803E-004
  0.86914062500000000        1.3772553859302612        1.2720613685532041E-003  0.14998999999999860        4.4523175215952052E-004
  0.86718750000000000        1.3751985791324248        1.3095886227424791E-003  0.14854249999999855        4.3798573324397823E-004
  0.86523437500000000        1.3721487624028055        1.2431775482710525E-003  0.14825749999999854        4.0679914322601000E-004
  0.86328125000000000        1.3697016318916904        1.2710065212245560E-003  0.14772249999999859        5.0558615597266440E-004
  0.86132812500000000        1.3649044006025575        1.3486042039429478E-003  0.14633999999999867        4.7485404456140879E-004
  0.85937500000000000        1.3603062429489614        1.1941192162300122E-003  0.14484249999999876        4.2309667388710815E-004
  0.85742187500000000        1.3568181224553166        1.2619193189594533E-003  0.14423499999999881        4.7713925502587088E-004
  0.85546875000000000        1.3558485551307871        1.2391511702411521E-003  0.14427999999999874        4.4163493310812147E-004
  0.85351562500000000        1.3536814883555319        1.3083508227063891E-003  0.14363249999999883        4.4959935868838397E-004
  0.85156250000000000        1.3476892889005074        1.0954428359337214E-003  0.14188999999999882        4.8465493295783598E-004
  0.84960937500000000        1.3429744590214983        1.1802564853269424E-003  0.14141249999999889        5.0122797440195737E-004
  0.84765625000000000        1.3385112920133806        1.2677158017901525E-003  0.14029999999999890        4.4867931901648858E-004
  0.84570312500000000        1.3347083430383209        1.2331234382206384E-003  0.13898499999999894        4.5254359687292361E-004
  0.84375000000000000        1.3312034368614079        1.2331885489584777E-003  0.13836749999999898        4.8615237198622779E-004
  0.84179687500000000        1.3264998376959367        1.1939106800635552E-003  0.13750749999999903        4.5651090851792059E-004
  0.83984375000000000        1.3228558506341204        1.1559299082878065E-003  0.13684749999999907        3.8734552150517497E-004
  0.83789062500000000        1.3223180035543163        1.2567709819216171E-003  0.13637499999999908        4.2035488854432021E-004
  0.83593750000000000        1.3193848918915037        1.1751975880172805E-003  0.13560499999999906        4.5688034151705617E-004
  0.83398437500000000        1.3150729187754087        1.2479113104634353E-003  0.13524999999999909        4.4687466889147952E-004
  0.83203125000000000        1.3097718525300222        1.3670569122046056E-003  0.13345749999999909        4.3241533006705476E-004
  0.83007812500000000        1.3053513516128439        1.2542891358313054E-003  0.13261499999999921        4.5164430225295581E-004
  0.82812500000000000        1.3030440688984282        1.2500263523402544E-003  0.13173249999999931        4.8239531496358114E-004
  0.82617187500000000        1.3008269650189916        1.3083025479314388E-003  0.13160749999999927        4.8176672705036859E-004
  0.82421875000000000        1.2965253333546087        1.2600673680556358E-003  0.13069249999999932        4.8767453493088432E-004
  0.82226562500000000        1.2917139148197436        1.2972940586372195E-003  0.13013749999999930        4.6951746936662963E-004
  0.82031250000000000        1.2878830853250178        1.3073860524162697E-003  0.12851499999999938        4.4274197287525309E-004
  0.81835937500000000        1.2850216367362060        1.2071682749980564E-003  0.12837499999999941        4.4019193472143620E-004
  0.81640625000000000        1.2810173867100694        1.3659578541602370E-003  0.12649749999999946        4.3223191901826447E-004
  0.81445312500000000        1.2773804618067919        1.4537766563412101E-003  0.12644749999999952        4.5160061856319494E-004
  0.81250000000000000        1.2735762718627874        1.2711111124087211E-003  0.12551499999999954        5.0103201575132515E-004
  0.81054687500000000        1.2707394217724042        1.2524627872551146E-003  0.12483249999999950        4.1241857169981992E-004
  0.80859375000000000        1.2661955536855434        1.2786660864666278E-003  0.12394999999999953        4.6055247894095811E-004
  0.80664062500000000        1.2634005322784161        1.3143924045211531E-003  0.12315999999999953        4.8322255783869684E-004
  0.80468750000000000        1.2582285734900025        1.3637677445250726E-003  0.12213999999999967        4.5879893705885456E-004
  0.80273437500000000        1.2549129083947133        1.3889111429992301E-003  0.12159499999999961        5.1917499628524057E-004
  0.80078125000000000        1.2518002668222941        1.4381920723148208E-003  0.12087749999999967        5.0699021517462738E-004
  0.79882812500000000        1.2478995930819869        1.4609829362452515E-003  0.11946249999999975        4.4170775966636638E-004
  0.79687500000000000        1.2441363324439807        1.4569265205095828E-003  0.11963499999999967        4.7956235309408457E-004
  0.79492187500000000        1.2406015873288931        1.2591151425414490E-003  0.11795749999999973        4.6770791573857203E-004
  0.79296875000000000        1.2346366181232440        1.2728811488859481E-003  0.11703749999999984        4.3100152042195973E-004
  0.79101562500000000        1.2325530895308381        1.3085436129428589E-003  0.11636499999999987        4.5400045610257745E-004
  0.78906250000000000        1.2267696487368014        1.2089508399521550E-003  0.11506999999999992        4.0598551996859849E-004
  0.78710937500000000        1.2234982204222604        1.3496598081707840E-003  0.11472999999999992        4.3973534281103966E-004
  0.78515625000000000        1.2198067732301539        1.2676160424905602E-003  0.11314999999999997        4.3166929916120132E-004
  0.78320312500000000        1.2162158732378847        1.3696517841974786E-003  0.11288999999999996        4.3326514615038575E-004
  0.78125000000000000        1.2126592928930993        1.3592696159162559E-003  0.11146499999999999        4.1527069180816194E-004
  0.77929687500000000        1.2096847334742096        1.3133086460114750E-003  0.11129000000000008        4.3865784738284777E-004
  0.77734375000000000        1.2045264008706571        1.2673498143692195E-003  0.11009250000000013        4.0667807671513598E-004
  0.77539062500000000        1.2008726259749638        1.3277960196333947E-003  0.10917750000000016        3.8798714898511164E-004
  0.77343750000000000        1.1975631662127717        1.2271409286077838E-003  0.10840500000000018        4.5572647077121226E-004
  0.77148437500000000        1.1932330930637298        1.2265109563729174E-003  0.10771750000000017        4.1100171729104549E-004
  0.76953125000000000        1.1899920452111927        1.2379576572264640E-003  0.10739750000000024        4.1768202044364944E-004
  0.76757812500000000        1.1865267414284739        1.2345131588601239E-003  0.10668750000000025        4.1478933134045848E-004
  0.76562500000000000        1.1835519845609441        1.1484622201007257E-003  0.10557750000000031        4.2397670926585200E-004
  0.76367187500000000        1.1792227088614713        1.1215477136673449E-003  0.10475750000000029        3.7923459265029656E-004
  0.76171875000000000        1.1748867266136893        1.2173960356589009E-003  0.10389250000000037        3.9801044032283003E-004
  0.75976562500000000        1.1696912578559486        1.2866308960098102E-003  0.10301500000000040        4.4961852517626911E-004
  0.75781250000000000        1.1639033558705887        1.2834849643677858E-003  0.10112000000000046        4.3034341466490920E-004
  0.75585937500000000        1.1605953504461981        1.3216171179211973E-003  0.10059500000000048        4.2906964187148719E-004
  0.75390625000000000        1.1556307256167535        1.2649117001103812E-003   9.9605000000000554E-002   4.4001520864432061E-004
  0.75195312500000000        1.1506841087452180        1.3265914845343053E-003   9.8647500000000540E-002   4.0879063755609789E-004
  0.75000000000000000        1.1479377435997125        1.2240426247940219E-003   9.7565000000000596E-002   4.0938516353328442E-004
  0.74804687500000000        1.1440953641103766        1.2751142398104945E-003   9.6860000000000640E-002   3.7806525010013908E-004
  0.74609375000000000        1.1398958040777536        1.2668645538280771E-003   9.5860000000000681E-002   4.0489928913671106E-004
  0.74414062500000000        1.1359523275514585        1.3468196142032837E-003   9.5195000000000696E-002   4.3141445773573742E-004
  0.74218750000000000        1.1329049941834690        1.3557581163179170E-003   9.4472500000000709E-002   4.2363707487910333E-004
  0.74023437500000000        1.1263289256440174        1.2801665269141752E-003   9.3395000000000825E-002   3.9740604632600558E-004
  0.73828125000000000        1.1218918143504715        1.1781273394956507E-003   9.2212500000000835E-002   3.3695710169661503E-004
  0.73632812500000000        1.1171870199659582        1.0726175040294353E-003   9.1607500000000799E-002   3.1120195057310140E-004
  0.73437500000000000        1.1124711113790939        1.0234334923261597E-003   9.0387500000000870E-002   3.3575587496830937E-004
  0.73242187500000000        1.1096125050169621        1.0158711482352934E-003   8.9482500000000964E-002   3.1114108576727622E-004
  0.73046875000000000        1.1049395180061319        1.2159679995459719E-003   8.8507500000000988E-002   3.7741570401388108E-004
  0.72851562500000000        1.1007921380081662        1.3519021660648998E-003   8.7412500000001017E-002   4.2929903813229437E-004
  0.72656250000000000        1.0966355979793974        1.2777111511555390E-003   8.6975000000000968E-002   3.8857581192889591E-004
  0.72460937500000000        1.0932937639703040        1.3582354349720989E-003   8.6250000000001006E-002   3.8824260872855532E-004
  0.72265625000000000        1.0895758782538951        1.2103629892258800E-003   8.5520000000001081E-002   3.7380584275899405E-004
  0.72070312500000000        1.0830640056329244        1.1131886676518242E-003   8.4322500000001077E-002   4.1747338571188134E-004
  0.71875000000000000        1.0774760257231641        9.9852299674082069E-004   8.3100000000001201E-002   3.4307728021817110E-004
  0.71679687500000000        1.0746369468524219        1.1772153050538599E-003   8.2347500000001142E-002   3.5568782064834034E-004
  0.71484375000000000        1.0691359382109296        1.1495842430355749E-003   8.1805000000001099E-002   3.7565733633654287E-004
  0.71289062500000000        1.0668233763344370        1.2221840424804682E-003   8.1027500000001099E-002   3.9518719193150641E-004
  0.71093750000000000        1.0624328996518919        1.2227413172050932E-003   8.0047500000001132E-002   3.9828697270459875E-004
  0.70898437500000000        1.0570584530233094        1.2186762370425719E-003   7.9080000000001149E-002   3.7616620010436877E-004
  0.70703125000000000        1.0530657611683374        1.3032540373971778E-003   7.8670000000001156E-002   3.5372976617003454E-004
  0.70507812500000000        1.0493428152017577        1.1698928845981964E-003   7.7567500000001108E-002   3.8144884283080417E-004
  0.70312500000000000        1.0455396910820505        1.3309566014372827E-003   7.6597500000001054E-002   3.6100825069619342E-004
  0.70117187500000000        1.0416919178469515        1.3167905279852501E-003   7.5930000000001038E-002   4.0359933627603397E-004
  0.69921875000000000        1.0375563466579998        1.2345455415038184E-003   7.4950000000001002E-002   3.8262450934504322E-004
  0.69726562500000000        1.0340954211644700        1.2444504695372375E-003   7.4495000000001033E-002   3.5442690973369508E-004
  0.69531250000000000        1.0295220638588889        1.3064129426136571E-003   7.3295000000000984E-002   3.6029904807031434E-004
  0.69335937500000000        1.0251718362175986        1.2106713437715134E-003   7.2745000000000962E-002   4.3771069962436052E-004
  0.69140625000000000        1.0190875398729518        1.1982162100888827E-003   7.2040000000000964E-002   3.7151953875498328E-004
  0.68945312500000000        1.0153141822076897        1.3139966607848810E-003   7.0787500000000850E-002   3.6586301391306847E-004
  0.68750000000000000        1.0117187688759508        1.2534296759001879E-003   6.9755000000000844E-002   3.8582817916577033E-004
  0.68554687500000000        1.0073865836621210        1.1799650577738918E-003   6.8950000000000816E-002   3.4403282671657918E-004
  0.68359375000000000        1.0024303764868201        1.2040299904818208E-003   6.8600000000000841E-002   3.6287641550431014E-004
  0.68164062500000000       0.99844415443866907        1.1709722871902253E-003   6.7222500000000796E-002   3.0653437116746055E-004
  0.67968750000000000       0.99432256843471112        1.3191529850700944E-003   6.6867500000000774E-002   3.6846074513721352E-004
  0.67773437500000000       0.99003108565664311        1.3829539301294287E-003   6.5905000000000713E-002   3.5493953105718014E-004
  0.67578125000000000       0.98530372380928710        1.2507503049777227E-003   6.4765000000000683E-002   3.6023666463238927E-004
  0.67382812500000000       0.97985360547764133        1.2482943452164800E-003   6.4147500000000635E-002   3.7308594008204769E-004
  0.67187500000000000       0.97602640781272143        1.2143194246110453E-003   6.2777500000000624E-002   3.4000696294117413E-004
  0.66992187500000000       0.97135965551517445        1.2413826528683779E-003   6.2362500000000584E-002   3.2095137537261378E-004
  0.66796875000000000       0.96778072764894518        1.2652944104031604E-003   6.1602500000000539E-002   2.6761420199828383E-004
  0.66601562500000000       0.96327062281284215        1.1192143118072821E-003   6.0587500000000558E-002   3.3077379053519874E-004
  0.66406250000000000       0.95855374787658709        1.2120461781574940E-003   5.9957500000000497E-002   2.9663634080623390E-004
  0.66210937500000000       0.95372053924196010        1.1812370574614259E-003   5.8845000000000473E-002   3.3300703726606617E-004
  0.66015625000000000       0.94984690202008282        1.1304452422504169E-003   5.8120000000000463E-002   3.2083539944240309E-004
  0.65820312500000000       0.94524338328984026        1.0005384212452134E-003   5.7587500000000437E-002   3.7878352270225024E-004
  0.65625000000000000       0.93957888122968303        9.9186303305769173E-004   5.7025000000000409E-002   3.4384009379513950E-004
  0.65429687500000000       0.93497392550785308        1.0246127781901614E-003   5.5717500000000364E-002   3.4543661071204790E-004
  0.65234375000000000       0.93057417577382484        1.0371978116864192E-003   5.4935000000000317E-002   3.1817067080048590E-004
  0.65039062500000000       0.92648008947147131        1.1009304194728568E-003   5.4347500000000298E-002   2.8526292585741281E-004
  0.64843750000000000       0.92299278712515598        1.1174602079350785E-003   5.3670000000000308E-002   3.2900369958925623E-004
  0.64648437500000000       0.91838762022338027        1.0762455891110516E-003   5.2490000000000245E-002   2.9790768687465831E-004
  0.64453125000000000       0.91484576447493171        1.0723445297552881E-003   5.2145000000000240E-002   2.8453799164063133E-004
  0.64257812500000000       0.91024299566240419        1.0959539331355148E-003   5.1057500000000207E-002   2.8869383226507231E-004
  0.64062500000000000       0.90544462605477904        1.0664743994678295E-003   5.0582500000000162E-002   2.9998011297728680E-004
  0.63867187500000000       0.90223600060239606        1.0198574143544723E-003   4.9805000000000189E-002   3.0030666144640451E-004
  0.63671875000000000       0.89797035965168837        1.0832466752379705E-003   4.8895000000000154E-002   3.0470179162287006E-004
  0.63476562500000000       0.89415504864065920        1.1050839625747178E-003   4.8572500000000129E-002   3.0990172358805125E-004
  0.63281250000000000       0.88882229503616073        1.1162575467902770E-003   4.7517500000000108E-002   3.1400908353971873E-004
  0.63085937500000000       0.88498555104960241        1.1655754874143789E-003   4.6492500000000082E-002   3.5078294462876898E-004
  0.62890625000000000       0.87925948662083153        1.1841996495328764E-003   4.5867500000000075E-002   2.8899108283746573E-004
  0.62695312500000000       0.87385410362477456        1.0908180974568134E-003   4.5207500000000046E-002   2.6261252999254943E-004
  0.62500000000000000       0.86981135316916691        1.0719168767888700E-003   4.4335000000000020E-002   2.8105635870349205E-004
  0.62304687500000000       0.86644501565973320        1.0435571085087541E-003   4.3952500000000005E-002   2.6936829862295414E-004
  0.62109375000000000       0.86148497636155108        1.0990916055356778E-003   4.3337499999999987E-002   2.8896748882177765E-004
  0.61914062500000000       0.85741591173054643        1.0013579792704575E-003   4.2194999999999962E-002   2.6599299375598332E-004
  0.61718750000000000       0.85363084629227015        1.0795133854155539E-003   4.1652499999999953E-002   3.0694599844205661E-004
  0.61523437500000000       0.84940216124040091        1.1168607461054176E-003   4.1277499999999939E-002   2.8698394615994758E-004
  0.61328125000000000       0.84575638241195794        1.0094032244441981E-003   4.0554999999999938E-002   2.7118753062718308E-004
  0.61132812500000000       0.84129106625638173        9.9711983740498637E-004   3.9657499999999915E-002   2.5518994213261884E-004
  0.60937500000000000       0.83623651787163011        9.7336400447872783E-004   3.9177499999999928E-002   2.5629190960556401E-004
  0.60742187500000000       0.83076100132664943        1.0633732569582952E-003   3.8252499999999898E-002   2.5813763359648753E-004
  0.60546875000000000       0.82700915205914105        1.0801741715390342E-003   3.7592499999999911E-002   2.4020338078681349E-004
  0.60351562500000000       0.82318697446844746        1.0234303804838858E-003   3.6879999999999920E-002   2.5666568280013880E-004
  0.60156250000000000       0.81849103464035966        1.0060425823381542E-003   3.6472499999999901E-002   2.4633410731007512E-004
  0.59960937500000000       0.81422226843744094        1.0968781731705481E-003   3.5762499999999899E-002   2.5535613376323360E-004
  0.59765625000000000       0.80976945035253922        9.8054477940608597E-004   3.5179999999999906E-002   2.2284546441447766E-004
  0.59570312500000000       0.80543599990047721        1.0012989239109021E-003   3.4489999999999923E-002   2.4070917949031199E-004
  0.59375000000000000       0.80186222788398664        1.0279188603494391E-003   3.3697499999999915E-002   2.2828120948965007E-004
  0.59179687500000000       0.79884620594101774        9.2123551589429870E-004   3.3307499999999927E-002   2.3082676940671415E-004
  0.58984375000000000       0.79489540873426390        9.2011595395878262E-004   3.2764999999999912E-002   2.4075900604110978E-004
  0.58789062500000000       0.79092659081306804        9.4488189485510588E-004   3.2162499999999920E-002   2.5813469880524217E-004
  0.58593750000000000       0.78485721258940300        9.2139072515889779E-004   3.1369999999999926E-002   2.3029625189386303E-004
  0.58398437500000000       0.78137879020331735        9.2049752352944109E-004   3.0812499999999923E-002   2.5262198273629763E-004
  0.58203125000000000       0.77653921845617613        9.5222709176240176E-004   3.0207499999999925E-002   2.5183806625720545E-004
  0.58007812500000000       0.77211793282158514        8.0875831078784015E-004   2.9339999999999925E-002   2.1668181765209662E-004
  0.57812500000000000       0.76851272267505610        8.6911204843496330E-004   2.8804999999999928E-002   2.1639201706741853E-004
  0.57617187500000000       0.76384684637749567        9.1816766398875385E-004   2.8652499999999925E-002   2.3074579895933259E-004
  0.57421875000000000       0.76105019475283242        8.7012912024047510E-004   2.7869999999999933E-002   2.2789883454699239E-004
  0.57226562500000000       0.75743395615979081        9.0398225605331647E-004   2.7544999999999934E-002   2.1931309200143978E-004
  0.57031250000000000       0.75374281861981884        8.9164155669557038E-004   2.6934999999999942E-002   2.2158234896700615E-004
  0.56835937500000000       0.74991289578350329        9.3864571263915406E-004   2.6517499999999940E-002   2.2667042666221245E-004
  0.56640625000000000       0.74623386173469020        8.7558838144656515E-004   2.5664999999999941E-002   1.9066669315533004E-004
  0.56445312500000000       0.74279741800513055        8.9553918036892779E-004   2.5582499999999949E-002   2.2363658177289867E-004
  0.56250000000000000       0.73903080863777859        8.5856041693844890E-004   2.4982499999999956E-002   2.0653022744498975E-004
  0.56054687500000000       0.73469043818820734        9.0853004649645919E-004   2.4332499999999948E-002   2.0946827222924146E-004
  0.55859375000000000       0.73119431065209339        9.4956198109828337E-004   2.3924999999999939E-002   2.1688508804006216E-004
  0.55664062500000000       0.72747479172339991        1.0478493654053275E-003   2.3529999999999961E-002   2.1007694598007676E-004
  0.55468750000000000       0.72346290472987929        9.8470130853806569E-004   2.3137499999999943E-002   2.2146137109864471E-004
  0.55273437500000000       0.71843909587536847        9.2244168218503868E-004   2.2629999999999956E-002   2.1193790781187134E-004
  0.55078125000000000       0.71567881350584872        9.9398348853777549E-004   2.2254999999999962E-002   2.0266469795693354E-004
  0.54882812500000000       0.71157706928737885        9.7900409714442391E-004   2.1854999999999958E-002   1.9469543685281864E-004
  0.54687500000000000       0.70719658352556192        9.5692272302763963E-004   2.1419999999999963E-002   1.9917379852831454E-004
  0.54492187500000000       0.70323821262192909        9.3422874545778215E-004   2.1004999999999954E-002   1.9556251422421541E-004
  0.54296875000000000       0.69925622957079281        8.7674349663713607E-004   2.0599999999999955E-002   1.9704252732787969E-004
  0.54101562500000000       0.69605109643120899        8.4990195188788288E-004   2.0282499999999964E-002   2.0077674293863534E-004
  0.53906250000000000       0.69359635202704562        7.5077186052457630E-004   1.9909999999999969E-002   1.8304108938715496E-004
  0.53710937500000000       0.69013520469005896        7.9052960497165024E-004   1.9502499999999978E-002   1.7582758858917600E-004
  0.53515625000000000       0.68536716265564435        8.1867722336311877E-004   1.9117499999999968E-002   1.7267411795083757E-004
  0.53320312500000000       0.68120555258821125        8.1952129369960785E-004   1.8589999999999971E-002   1.5857318356346620E-004
  0.53125000000000000       0.67699353132481799        7.8241204099709452E-004   1.8079999999999982E-002   1.6060491709139356E-004
  0.52929687500000000       0.67312068790438995        7.5040235012417277E-004   1.7799999999999969E-002   1.6225214197586706E-004
  0.52734375000000000       0.66961633314832592        7.2213113990886725E-004   1.7317499999999979E-002   1.6696393943215832E-004
  0.52539062500000000       0.66607100282569875        7.1558554202570440E-004   1.6754999999999982E-002   1.5898907274565328E-004
  0.52343750000000000       0.66291688305561214        7.9700827913519682E-004   1.6569999999999970E-002   1.7774115784454487E-004
  0.52148437500000000       0.66011103530272275        7.7943872809708948E-004   1.6387499999999982E-002   1.6420050412697593E-004
  0.51953125000000000       0.65696057330955493        8.2985317686798334E-004   1.6287499999999983E-002   1.7289042334625056E-004
  0.51757812500000000       0.65362801637569179        8.2836973388312530E-004   1.6062499999999980E-002   1.5477969844428365E-004
  0.51562500000000000       0.64910039469680259        7.6972906844002971E-004   1.5732499999999979E-002   1.5915873373852684E-004
  0.51367187500000000       0.64551706828878797        7.6524505340684970E-004   1.5369999999999984E-002   1.5964290960095094E-004
  0.51171875000000000       0.64228073392868712        8.2407464510548243E-004   1.4972499999999982E-002   1.5557384001486151E-004
  0.50976562500000000       0.63902656259851343        7.9012054766229405E-004   1.4559999999999984E-002   1.3451746910699247E-004
  0.50781250000000000       0.63472396974557699        7.2266574755477258E-004   1.4332499999999984E-002   1.5217509684902609E-004
  0.50585937500000000       0.63126000954091754        7.4328790198382782E-004   1.4142499999999987E-002   1.4482900924604823E-004
  0.50390625000000000       0.62847547112500934        7.8161837894295642E-004   1.3664999999999984E-002   1.4271979328019335E-004
  0.50195312500000000       0.62506424354016676        7.8558899368415236E-004   1.3409999999999988E-002   1.5010602313637861E-004
  0.50000000000000000       0.62190235808558914        8.3896367321101197E-004   1.3182499999999993E-002   1.3934619159170018E-004
  0.49804687500000000       0.61790226196637132        7.6638054457291290E-004   1.2919999999999994E-002   1.3021349989749426E-004
  0.49609375000000000       0.61457064520042648        7.9951876990970992E-004   1.2617499999999995E-002   1.3387461154438786E-004
  0.49414062500000000       0.61139101683547592        7.5299663958717340E-004   1.2297499999999999E-002   1.3557281207430893E-004
  0.49218750000000000       0.60797066785284781        7.1514732865488408E-004   1.2117499999999996E-002   1.3091823147802517E-004
  0.49023437500000000       0.60428530746510445        7.1114415231659958E-004   1.1802500000000000E-002   1.2808294148320101E-004
  0.48828125000000000       0.60159461066593645        6.8609558959142132E-004   1.1597499999999993E-002   1.3623244952297951E-004
  0.48632812500000000       0.59857905444753801        6.8757671403651770E-004   1.1242500000000004E-002   1.2655372756104256E-004
  0.48437500000000000       0.59547436624263705        6.5964027608140846E-004   1.1152500000000001E-002   1.1725474081001499E-004
  0.48242187500000000       0.59167373887797803        6.3242935302716219E-004   1.0977500000000005E-002   1.1939953936259094E-004
  0.48046875000000000       0.58874176261641642        6.4993776947026600E-004   1.0825000000000003E-002   1.2740117976714558E-004
  0.47851562500000000       0.58515474949224089        6.3997026113171555E-004   1.0595000000000004E-002   1.2043586666686061E-004
  0.47656250000000000       0.58105919370870696        6.5360230395905084E-004   1.0320000000000005E-002   1.1769460566236384E-004
  0.47460937500000000       0.57802032431977368        6.3885801864920204E-004   1.0100000000000003E-002   1.1606990230986910E-004
  0.47265625000000000       0.57450397184412805        6.6018447347857142E-004   9.8800000000000051E-003   1.1188693788234132E-004
  0.47070312500000000       0.57203704905351538        6.5448531809310091E-004   9.8750000000000018E-003   1.1663960725155970E-004
  0.46875000000000000       0.56925675598336634        6.9505005838972026E-004   9.6075000000000067E-003   1.1597495157981132E-004
  0.46679687500000000       0.56658692675153888        7.1231227800598812E-004   9.4250000000000098E-003   1.0513939760761874E-004
  0.46484375000000000       0.56326398177191794        6.1384726757542410E-004   9.3350000000000100E-003   1.0139307449503535E-004
  0.46289062500000000       0.56053195185504601        5.9335566351793065E-004   9.2525000000000107E-003   1.0698431632437627E-004
  0.46093750000000000       0.55755387932901013        6.5648782128580529E-004   9.0800000000000117E-003   1.0291705005449300E-004
  0.45898437500000000       0.55468563265148296        6.7089197179411681E-004   8.8575000000000129E-003   1.0428054381418368E-004
  0.45703125000000000       0.55199813018493205        6.8848133989153864E-004   8.7650000000000124E-003   1.0521862760918062E-004
  0.45507812500000000       0.54836710662657862        6.6725364425768835E-004   8.6500000000000171E-003   1.0169026055089287E-004
  0.45312500000000000       0.54480113987527612        6.5594911691928563E-004   8.4050000000000132E-003   9.7362957301767934E-005
  0.45117187500000000       0.54231877807071927        6.9539553907317837E-004   8.2450000000000162E-003   1.0043968992948596E-004
  0.44921875000000000       0.53963123568076510        6.5905262720453552E-004   8.1350000000000190E-003   1.0196429361162116E-004
  0.44726562500000000       0.53734841371458386        6.7980082200769817E-004   8.0575000000000195E-003   9.8078444691638837E-005
  0.44531250000000000       0.53414603144783479        6.6016063620030990E-004   7.9650000000000207E-003   1.0474958113269302E-004
  0.44335937500000000       0.53120740096880126        6.0620404912253411E-004   7.8225000000000204E-003   9.1445670242283863E-005
  0.44140625000000000       0.52847541066488024        5.4790720351898599E-004   7.7650000000000219E-003   9.2237889626921153E-005
  0.43945312500000000       0.52517402533045887        5.7584078549268608E-004   7.6325000000000229E-003   9.1525718083534517E-005
  0.43750000000000000       0.52291403553090654        6.3435096272120429E-004   7.5350000000000191E-003   9.2456651049195360E-005
  0.43554687500000000       0.52042628997811735        6.5214137887622354E-004   7.4575000000000223E-003   9.1567094680802030E-005
  0.43359375000000000       0.51692517274852756        6.4164284898291239E-004   7.2850000000000267E-003   8.5651101050194346E-005
  0.43164062500000000       0.51378770955647912        6.3420701327020115E-004   7.1825000000000213E-003   8.1483638439465742E-005
  0.42968750000000000       0.51155447976279655        6.0203763647253823E-004   7.1075000000000279E-003   8.2744510636074798E-005
  0.42773437500000000       0.50915594165342948        6.7155259567629731E-004   6.9825000000000225E-003   8.3049136605442111E-005
  0.42578125000000000       0.50673307670270018        6.7864275242879941E-004   6.9550000000000245E-003   8.6118605082840825E-005
  0.42382812500000000       0.50352052700691829        6.0255697438255660E-004   6.8875000000000238E-003   8.3134231848563535E-005
  0.42187500000000000       0.50124153672839533        5.6956505337361896E-004   6.8500000000000279E-003   8.0872764515650352E-005
  0.41992187500000000       0.49895746858738055        6.1434153530853331E-004   6.7350000000000257E-003   8.6150854302032280E-005
  0.41796875000000000       0.49591278118564847        6.4812726976549800E-004   6.6550000000000263E-003   8.4445607381678625E-005
  0.41601562500000000       0.49301959641975296        6.5964658327694080E-004   6.5250000000000273E-003   7.8375230574951840E-005
  0.41406250000000000       0.49024366642068046        5.8313821903729674E-004   6.4200000000000281E-003   7.4863512170788017E-005
  0.41210937500000000       0.48742424318268257        5.8925867895029480E-004   6.2900000000000282E-003   7.2884300175836094E-005
  0.41015625000000000       0.48549228230767499        6.0595232231067651E-004   6.3200000000000287E-003   8.1733120766940134E-005
  0.40820312500000000       0.48320247086602852        5.8262555747616812E-004   6.2950000000000315E-003   7.8365563968883664E-005
  0.40625000000000000       0.48015528335298130        6.3083091925989182E-004   6.1975000000000276E-003   7.5903231189790288E-005
  0.40429687500000000       0.47778873525505999        5.9622797503930424E-004   6.1275000000000305E-003   7.6499735920848268E-005
  0.40234375000000000       0.47491068103279888        5.7811782710571048E-004   6.0150000000000290E-003   7.4605020547609832E-005
  0.40039062500000000       0.47266534780106306        5.9830606171883583E-004   6.0000000000000322E-003   7.2821908125441029E-005
  0.39843750000000000       0.46998102271669656        5.9683324400027274E-004   5.8800000000000310E-003   7.8614903360006540E-005
  0.39648437500000000       0.46714747739703177        6.2233013093433600E-004   5.8125000000000286E-003   7.6241823539093125E-005
  0.39453125000000000       0.46436857340898796        6.0661974772672925E-004   5.7975000000000283E-003   7.8229702566460601E-005
  0.39257812500000000       0.46168194100310278        6.0879489273286762E-004   5.7125000000000301E-003   7.7880298594004943E-005
  0.39062500000000000       0.45910664362013665        5.7236846377594199E-004   5.6775000000000289E-003   7.9637356723206472E-005
  0.38867187500000000       0.45712729768336602        5.3759579608853979E-004   5.6750000000000324E-003   7.6829537144108454E-005
  0.38671875000000000       0.45477989558158671        5.5078716360634100E-004   5.6675000000000328E-003   6.9272463810842404E-005
  0.38476562500000000       0.45251064317665701        5.8114308489893988E-004   5.6075000000000317E-003   6.8741849838304233E-005
  0.38281250000000000       0.44967811955711268        5.7255024188206604E-004   5.5575000000000329E-003   7.2112338708014642E-005
  0.38085937500000000       0.44714372462330437        5.6510298674531951E-004   5.5350000000000347E-003   7.2214257525082893E-005
  0.37890625000000000       0.44467862819737419        5.8429864346199020E-004   5.4925000000000355E-003   7.2339599644784686E-005
  0.37695312500000000       0.44240110143556427        5.1205200283501644E-004   5.4675000000000348E-003   6.9509010388959741E-005
  0.37500000000000000       0.43939319005129363        5.3429482964560476E-004   5.4000000000000384E-003   7.1332908523231203E-005
  0.37304687500000000       0.43654186000106532        5.6008998570102053E-004   5.3625000000000391E-003   7.2070304480268384E-005
  0.37109375000000000       0.43410279734527357        5.5583959186299007E-004   5.2975000000000392E-003   6.9421763973058032E-005
  0.36914062500000000       0.43195483322524347        5.5867209410294296E-004   5.2725000000000402E-003   6.8635234789029116E-005
  0.36718750000000000       0.42905530618485038        5.7584752860751170E-004   5.2650000000000370E-003   6.5791605494435265E-005
  0.36523437500000000       0.42641184658838505        5.4067029290141941E-004   5.2200000000000388E-003   6.3691174086883171E-005
  0.36328125000000000       0.42371169391420133        5.6041069638201532E-004   5.2025000000000387E-003   6.7765098582223777E-005
  0.36132812500000000       0.42186244425856317        5.5059340776619163E-004   5.1800000000000379E-003   6.8264932506382952E-005
  0.35937500000000000       0.42009326868509123        5.2522974333389563E-004   5.1575000000000362E-003   6.6158575186496467E-005
  0.35742187500000000       0.41754690542091033        4.9610893056924600E-004   5.1475000000000375E-003   6.7335189743386874E-005
  0.35546875000000000       0.41504533420261225        4.8988078772012583E-004   5.0950000000000396E-003   6.6551036085400300E-005
  0.35351562500000000       0.41301309300872774        4.9176644779514952E-004   5.0700000000000380E-003   6.5431744064430990E-005
  0.35156250000000000       0.41084027897510966        4.6753551290456272E-004   5.0275000000000406E-003   6.5894677978259054E-005
  0.34960937500000000       0.40829525988451082        5.1920221630473895E-004   5.0000000000000426E-003   6.4255644723148608E-005
  0.34765625000000000       0.40567003039404959        5.3906818954643581E-004   4.9950000000000402E-003   6.3562186204939108E-005
  0.34570312500000000       0.40274643166398072        5.8172687929810576E-004   4.9575000000000400E-003   6.5429331914268327E-005
  0.34375000000000000       0.40063330873078329        5.8674629149277672E-004   4.9100000000000411E-003   6.3516481596065686E-005
  0.34179687500000000       0.39844678332622502        5.4306837991959151E-004   4.9000000000000406E-003   6.1443083624215653E-005
  0.33984375000000000       0.39582940400427846        5.5326218131189486E-004   4.8875000000000411E-003   6.2297652241054206E-005
  0.33789062500000000       0.39331349152409123        5.2798827009352238E-004   4.8850000000000412E-003   6.4100221402412096E-005
  0.33593750000000000       0.39102980708781993        4.9976264450880066E-004   4.8400000000000396E-003   6.3017554071957636E-005
  0.33398437500000000       0.38814250239473869        4.5363798846799312E-004   4.8225000000000386E-003   6.2491918669457477E-005
  0.33203125000000000       0.38589529383607818        4.5746031613490832E-004   4.7975000000000396E-003   6.2733905739185974E-005
  0.33007812500000000       0.38352042704845452        4.6237147268888651E-004   4.7875000000000400E-003   6.4095789269032620E-005
  0.32812500000000000       0.38154893788375177        4.4523099294624857E-004   4.7675000000000434E-003   6.5061645204893249E-005
  0.32617187500000000       0.37915335499572456        4.8224080775137874E-004   4.7650000000000409E-003   6.2847016434732539E-005
  0.32421875000000000       0.37669120955946311        4.4376789131677968E-004   4.7425000000000427E-003   6.3310901131005511E-005
  0.32226562500000000       0.37450828000392355        4.6119355072880440E-004   4.7100000000000440E-003   6.2332604111758379E-005
  0.32031250000000000       0.37212433978070336        4.8830422119222996E-004   4.6725000000000429E-003   6.2532314878311512E-005
  0.31835937500000000       0.37007369270347840        4.7722771908215644E-004   4.6375000000000418E-003   6.0966023821518907E-005
  0.31640625000000000       0.36745593846636909        4.8278783705137422E-004   4.6150000000000427E-003   6.0346223300771626E-005
  0.31445312500000000       0.36485429339764686        4.9236208714109760E-004   4.5900000000000437E-003   6.1905760897699704E-005
  0.31250000000000000       0.36322621144140954        5.2105196088534896E-004   4.5600000000000432E-003   6.1966918512211435E-005
  0.31054687500000000       0.36088794104857413        4.9674911477703217E-004   4.5500000000000436E-003   6.1545745489666534E-005
  0.30859375000000000       0.35864980971398697        4.7732021275267875E-004   4.5300000000000409E-003   6.1779176642836730E-005
  0.30664062500000000       0.35614860674726673        4.6797647781945245E-004   4.5175000000000423E-003   6.3688696014285625E-005
  0.30468750000000000       0.35376012961208658        4.4752273826754297E-004   4.4950000000000424E-003   6.2054472649098082E-005
  0.30273437500000000       0.35125838209349197        4.3125906965808954E-004   4.4625000000000428E-003   6.1992892228615370E-005
  0.30078125000000000       0.34884954034791177        4.5328610343225615E-004   4.4475000000000417E-003   6.1780709453728954E-005
  0.29882812500000000       0.34629381824408567        4.8782114281554031E-004   4.4300000000000450E-003   6.1656428306503132E-005
  0.29687500000000000       0.34413610063006755        4.5066909742255560E-004   4.4100000000000467E-003   6.1496489182862209E-005
  0.29492187500000000       0.34198149564747582        4.5734401382774715E-004   4.4000000000000454E-003   6.1340249939384055E-005
  0.29296875000000000       0.33986204913316193        4.6561438429255382E-004   4.3875000000000459E-003   6.1481601912582578E-005
  0.29101562500000000       0.33749893988345164        4.4751654654630525E-004   4.3800000000000462E-003   6.0457013696099770E-005
  0.28906250000000000       0.33546463641940599        4.2197018739446548E-004   4.3700000000000475E-003   5.9615773114504732E-005
  0.28710937500000000       0.33312281740443678        4.3982889296826966E-004   4.3500000000000457E-003   5.8925565098878135E-005
  0.28515625000000000       0.33095702473977590        4.3184632977989599E-004   4.3375000000000470E-003   5.9392441616858516E-005
  0.28320312500000000       0.32878274154457932        4.0643392950346540E-004   4.3275000000000466E-003   5.9426446345481513E-005
  0.28125000000000000       0.32661135733451724        3.6800875342079186E-004   4.3275000000000466E-003   5.8785584538174036E-005
  0.27929687500000000       0.32410046619591126        3.9998846986798089E-004   4.3150000000000471E-003   5.9098872812233657E-005
  0.27734375000000000       0.32198757723856791        4.1093587950182290E-004   4.3025000000000459E-003   5.8957162157763845E-005
  0.27539062500000000       0.32002714048010444        4.1781269231793523E-004   4.2975000000000469E-003   5.8570405703241093E-005
  0.27343750000000000       0.31804182462269315        4.4125173855859301E-004   4.2850000000000475E-003   5.8820476747883165E-005
  0.27148437500000000       0.31580021866038743        4.2293909321625708E-004   4.2700000000000481E-003   5.8891271154404278E-005
  0.26953125000000000       0.31373090193228004        4.1533238275789301E-004   4.2625000000000466E-003   5.8858566140202885E-005
  0.26757812500000000       0.31122381981961372        4.0543476392200853E-004   4.2525000000000470E-003   5.8548844324350408E-005
  0.26562500000000000       0.30908174336545063        3.6352280295101478E-004   4.2500000000000480E-003   5.8925565098877017E-005
  0.26367187500000000       0.30669152428643698        3.3719394802481111E-004   4.2425000000000483E-003   5.8974292464742143E-005
  0.26171875000000000       0.30441623340650920        3.6210278229365292E-004   4.2275000000000481E-003   5.8289485684932495E-005
  0.25976562500000000       0.30220650186317483        3.6904844627365087E-004   4.2175000000000476E-003   5.7806604599764007E-005
  0.25781250000000000       0.30015766414663214        3.4983224282293825E-004   4.2100000000000488E-003   5.8357138000037271E-005
  0.25585937500000000       0.29782572605041069        3.5710872475509217E-004   4.1950000000000485E-003   5.8125169707581541E-005
  0.25390625000000000       0.29548124462519959        3.5388483580005867E-004   4.1925000000000486E-003   5.8046372092758968E-005
  0.25195312500000000       0.29332836080188679        3.5644267465108521E-004   4.1850000000000472E-003   5.7911897558167575E-005
  0.25000000000000000       0.29121063239658918        3.5924622956233965E-004   4.1725000000000477E-003   5.7592152769330383E-005
  0.24804687500000000       0.28902710518066760        3.7443051214195182E-004   4.1425000000000481E-003   5.6436139828905453E-005
  0.24609375000000000       0.28698515235326133        3.7305863635048625E-004   4.1300000000000468E-003   5.5673107956130316E-005
  0.24414062500000000       0.28475777621678672        3.4966035858681325E-004   4.1175000000000473E-003   5.5329020459886476E-005
  0.24218750000000000       0.28262053047912589        3.4974396484885285E-004   4.1150000000000483E-003   5.5439019187615081E-005
  0.24023437500000000       0.28033876322206341        3.6193515617620898E-004   4.1100000000000494E-003   5.5768279604993962E-005
  0.23828125000000000       0.27835748925897219        3.6785997635337294E-004   4.1000000000000489E-003   5.5618651039324097E-005
  0.23632812500000000       0.27612172513145983        3.9365431392752190E-004   4.0925000000000492E-003   5.5008608141787700E-005
  0.23437500000000000       0.27370796057027130        3.7739494374332819E-004   4.0850000000000495E-003   5.5416239460643323E-005
  0.23242187500000000       0.27132670253781976        3.8041410242235449E-004   4.0775000000000498E-003   5.5127835825724275E-005
  0.23046875000000000       0.26945081073942256        3.7382174374550993E-004   4.0650000000000495E-003   5.4889696554805591E-005
  0.22851562500000000       0.26751534475948568        3.6925023977926323E-004   4.0550000000000481E-003   5.5229091294827915E-005
  0.22656250000000000       0.26554705679613366        3.6789001467001342E-004   4.0525000000000491E-003   5.4967276766739752E-005
  0.22460937500000000       0.26314536807221406        3.8046089883679861E-004   4.0400000000000496E-003   5.5130698702209705E-005
  0.22265625000000000       0.26077331624284711        3.6047322596426752E-004   4.0175000000000497E-003   5.4962682473168087E-005
  0.22070312500000000       0.25892747994365461        3.5565327829674106E-004   4.0075000000000492E-003   5.5556755037554588E-005
  0.21875000000000000       0.25711347047647765        3.5541797491619738E-004   4.0025000000000486E-003   5.5674808876493911E-005
  0.21679687500000000       0.25510978831703318        3.4160469868509678E-004   3.9925000000000498E-003   5.5556755037553992E-005
  0.21484375000000000       0.25284470552318011        3.6012841320074996E-004   3.9875000000000492E-003   5.4861510674927328E-005
  0.21289062500000000       0.25056106732476691        3.5353241034411935E-004   3.9850000000000493E-003   5.4912694710821414E-005
  0.21093750000000000       0.24863932482567391        3.3453572577190531E-004   3.9825000000000502E-003   5.5077424842420563E-005
  0.20898437500000000       0.24671562030537803        3.1986013407277663E-004   3.9750000000000488E-003   5.5105500284599746E-005
  0.20703125000000000       0.24455278497527874        3.2637151650689736E-004   3.9675000000000491E-003   5.5351836081340011E-005
  0.20507812500000000       0.24227120090183032        3.2614493982035592E-004   3.9575000000000495E-003   5.4245862850207679E-005
  0.20312500000000000       0.24031249186641229        3.3152309913210180E-004   3.9500000000000498E-003   5.4471751552263586E-005
  0.20117187500000000       0.23812610337067741        3.2668131644808616E-004   3.9475000000000491E-003   5.4157341854706554E-005
  0.19921875000000000       0.23589217688775257        3.3408019108112705E-004   3.9400000000000511E-003   5.4716902269217432E-005
  0.19726562500000000       0.23376006998707946        3.4129823867395497E-004   3.9350000000000513E-003   5.4195213922642105E-005
  0.19531250000000000       0.23171771595521989        3.2946590162161074E-004   3.9275000000000516E-003   5.3923697494839059E-005
  0.19335937500000000       0.22954681968529347        3.0793210094137290E-004   3.9250000000000500E-003   5.4297627233905554E-005
  0.19140625000000000       0.22738016489874155        3.0598344514244852E-004   3.9200000000000502E-003   5.3992143087224558E-005
  0.18945312500000000       0.22527010086568183        3.0848025789985894E-004   3.9200000000000502E-003   5.3992143087224355E-005
  0.18750000000000000       0.22326107309758836        3.0397068012550353E-004   3.9175000000000503E-003   5.4362118234941212E-005
  0.18554687500000000       0.22101997413103408        3.0362821719334552E-004   3.9100000000000497E-003   5.4183563798060145E-005
  0.18359375000000000       0.21909312965947531        3.2095572557742854E-004   3.9025000000000505E-003   5.4227238859666537E-005
  0.18164062500000000       0.21689559580663986        3.2264756585175279E-004   3.8925000000000504E-003   5.4617009042673642E-005
  0.17968750000000000       0.21488157268659772        3.0413884666417190E-004   3.8925000000000500E-003   5.4617009042673845E-005
  0.17773437500000000       0.21279774511766861        3.0356931509775031E-004   3.8825000000000508E-003   5.4870715819508697E-005
  0.17578125000000000       0.21060938878133478        3.1675317385934225E-004   3.8775000000000515E-003   5.5104927459373901E-005
  0.17382812500000000       0.20851220863803133        3.2129176676020559E-004   3.8725000000000491E-003   5.5333584336779573E-005
  0.17187500000000000       0.20647838342228556        3.3118725417098313E-004   3.8700000000000496E-003   5.5331872927057992E-005
  0.16992187500000000       0.20455848877316982        3.3599790357281194E-004   3.8600000000000496E-003   5.4624521817937985E-005
  0.16796875000000000       0.20248022763444137        3.3327316544302178E-004   3.8575000000000501E-003   5.4732476094124021E-005
  0.16601562500000000       0.20054627354251639        3.0698746660609626E-004   3.8600000000000500E-003   5.4970148005231887E-005
  0.16406250000000000       0.19841084283810739        3.0591969280913567E-004   3.8550000000000511E-003   5.4954067137468249E-005
  0.16210937500000000       0.19647525926583320        3.0071945865718294E-004   3.8525000000000508E-003   5.5173624023429008E-005
  0.16015625000000000       0.19436298170650659        2.9794101933490355E-004   3.8475000000000510E-003   5.5720147599273266E-005
  0.15820312500000000       0.19225937956715328        3.0607470371832470E-004   3.8450000000000506E-003   5.5933311662508052E-005
  0.15625000000000000       0.19037848082686140        3.0822807919232909E-004   3.8450000000000502E-003   5.5933311662508641E-005
  0.15429687500000000       0.18813201751277389        3.0674207368748199E-004   3.8425000000000507E-003   5.5919201270287970E-005
  0.15234375000000000       0.18611012846005195        3.1498662890170768E-004   3.8425000000000503E-003   5.5919201270287184E-005
  0.15039062500000000       0.18413394356063484        2.9755736981018827E-004   3.8425000000000503E-003   5.5919201270287774E-005
  0.14843750000000000       0.18233731411878115        2.9750768505138684E-004   3.8400000000000504E-003   5.6016772380052732E-005
  0.14648437500000000       0.18023564786064469        2.8306596570389309E-004   3.8375000000000496E-003   5.6113048771423670E-005
  0.14453125000000000       0.17827048244795121        2.7093051008743888E-004   3.8375000000000505E-003   5.6113048771423867E-005
  0.14257812500000000       0.17640723175572640        2.8504146969566028E-004   3.8350000000000493E-003   5.6320242337632311E-005
  0.14062500000000000       0.17440691961558849        2.8256873900935531E-004   3.8275000000000513E-003   5.6261362488751705E-005
  0.13867187500000000       0.17236882703658540        2.9129656090538575E-004   3.8250000000000506E-003   5.6686716595545759E-005
  0.13671875000000000       0.17034320673079656        2.9867813061141500E-004   3.8250000000000506E-003   5.6686716595545759E-005
  0.13476562500000000       0.16844066835071977        2.8705076404073558E-004   3.8250000000000506E-003   5.6686716595545170E-005
  0.13281250000000000       0.16641037068828154        2.9427816453115598E-004   3.8225000000000498E-003   5.6663881393224068E-005
  0.13085937500000000       0.16451911105977854        2.9546038631358414E-004   3.8150000000000506E-003   5.6588627190210528E-005
  0.12890625000000000       0.16273466140339152        2.9351257352909250E-004   3.8150000000000506E-003   5.6588627190209742E-005
  0.12695312500000000       0.16083088799210452        2.8404376384819280E-004   3.8125000000000507E-003   5.6449561825605381E-005
  0.12500000000000000       0.15898418884067209        2.8311298298787916E-004   3.8075000000000509E-003   5.6503217929277974E-005
  0.12304687500000000       0.15697893783005590        2.8492504846741313E-004   3.8050000000000510E-003   5.6917892306781426E-005
  0.12109375000000000       0.15514268772818457        2.8715332346274905E-004   3.8000000000000516E-003   5.7295970912692881E-005
  0.11914062500000000       0.15312729130057856        2.9178564040509313E-004   3.7975000000000495E-003   5.7262354760586286E-005
  0.11718750000000000       0.15109681760726529        2.8524445179525120E-004   3.7950000000000501E-003   5.7447824373534301E-005
  0.11523437500000000       0.14895009334225445        2.8918547543809147E-004   3.7950000000000496E-003   5.7447824373534301E-005
  0.11328125000000000       0.14700541374866030        2.9711345628208265E-004   3.7925000000000502E-003   5.7412097940233118E-005
  0.11132812500000000       0.14507098044635797        2.9148447829590305E-004   3.7900000000000494E-003   5.7154760664940489E-005
  0.10937500000000000       0.14311714816687487        2.8372396701356855E-004   3.7900000000000498E-003   5.7154760664939919E-005
  0.10742187500000000       0.14116432030794782        2.7803297300037737E-004   3.7900000000000507E-003   5.7154760664940109E-005
  0.10546875000000000       0.13923333071082333        2.6785935973820853E-004   3.7900000000000511E-003   5.7154760664940299E-005
  0.10351562500000000       0.13730426694365083        2.6850284935213701E-004   3.7850000000000518E-003   5.7627767577440270E-005
  0.10156250000000000       0.13537742735909172        2.7035721725732751E-004   3.7825000000000514E-003   5.7806604599763444E-005
   9.9609375000000000E-002  0.13339207111317714        2.6194986895687882E-004   3.7825000000000501E-003   5.7806604599764386E-005
   9.7656250000000000E-002  0.13153022794774930        2.6534253018191330E-004   3.7800000000000511E-003   5.7874821377649695E-005
   9.5703125000000000E-002  0.12960369571648267        2.6173292337525953E-004   3.7800000000000507E-003   5.7874821377649878E-005
   9.3750000000000000E-002  0.12768190241948843        2.5230127593538979E-004   3.7800000000000498E-003   5.7874821377650074E-005
   9.1796875000000000E-002  0.12577593306683751        2.5560758844258289E-004   3.7775000000000503E-003   5.7941868290641820E-005
   8.9843750000000000E-002  0.12383762714103687        2.5622691976603181E-004   3.7750000000000500E-003   5.7789674377404402E-005
   8.7890625000000000E-002  0.12184652100516466        2.5832725101976149E-004   3.7700000000000511E-003   5.7260700998047062E-005
   8.5937500000000000E-002  0.11998268957541652        2.5306719044926611E-004   3.7700000000000498E-003   5.7260700998048200E-005
   8.3984375000000000E-002  0.11811261764357432        2.4728080708652750E-004   3.7625000000000510E-003   5.6561287935558374E-005
   8.2031250000000000E-002  0.11627030629859160        2.4316625359562953E-004   3.7625000000000518E-003   5.6561287935557981E-005
   8.0078125000000000E-002  0.11437639486097793        2.4092669542110463E-004   3.7625000000000497E-003   5.6561287935559337E-005
   7.8125000000000000E-002  0.11253908579071345        2.3935056375169942E-004   3.7600000000000498E-003   5.6510479943407871E-005
   7.6171875000000000E-002  0.11059009399600374        2.4136878158478073E-004   3.7575000000000499E-003   5.6458508050719110E-005
   7.4218750000000000E-002  0.10873484657112918        2.3829421276506989E-004   3.7575000000000499E-003   5.6458508050719110E-005
   7.2265625000000000E-002  0.10686387904301306        2.4194757400528458E-004   3.7550000000000504E-003   5.6740148435163645E-005
   7.0312500000000000E-002  0.10504147044418762        2.4668010606564448E-004   3.7450000000000499E-003   5.5842943541994026E-005
   6.8359375000000000E-002  0.10314843012620939        2.4453336030381549E-004   3.7425000000000500E-003   5.5783559903931437E-005
   6.6406250000000000E-002  0.10133428289920268        2.4557738618870468E-004   3.7425000000000500E-003   5.5783559903931437E-005
   6.4453125000000000E-002   9.9489777452640982E-002   2.4927965560972860E-004   3.7425000000000496E-003   5.5783559903931634E-005
   6.2500000000000000E-002   9.7680917152397392E-002   2.4749541246258256E-004   3.7350000000000499E-003   5.6050572402667095E-005
   6.0546875000000000E-002   9.5836724590797673E-002   2.4564571104566864E-004   3.7350000000000503E-003   5.6050572402666709E-005
   5.8593750000000000E-002   9.4059799265955396E-002   2.3945858397599718E-004   3.7350000000000499E-003   5.6050572402666898E-005
   5.6640625000000000E-002   9.2242134821922978E-002   2.4321493907725886E-004   3.7350000000000512E-003   5.6050572402666119E-005
   5.4687500000000000E-002   9.0415389572041177E-002   2.4069738274495430E-004   3.7350000000000495E-003   5.6050572402667488E-005
   5.2734375000000000E-002   8.8672926779671007E-002   2.3662311010569457E-004   3.7350000000000512E-003   5.6050572402665923E-005
   5.0781250000000000E-002   8.6893490845684665E-002   2.3958189108765302E-004   3.7350000000000503E-003   5.6050572402666709E-005
   4.8828125000000000E-002   8.5105017227115096E-002   2.4138591049455437E-004   3.7325000000000509E-003   5.6211968063173319E-005
   4.6875000000000000E-002   8.3315092963176407E-002   2.4082329997387499E-004   3.7275000000000515E-003   5.6418238866235237E-005
   4.4921875000000000E-002   8.1608939659415486E-002   2.4078917362079901E-004   3.7275000000000498E-003   5.6418238866236213E-005
   4.2968750000000000E-002   7.9873876627896009E-002   2.4014954182409264E-004   3.7275000000000520E-003   5.6418238866235237E-005
   4.1015625000000000E-002   7.8156720605986024E-002   2.3878341761163856E-004   3.7275000000000515E-003   5.6418238866235447E-005
   3.9062500000000000E-002   7.6402352315359801E-002   2.3675272851807726E-004   3.7250000000000521E-003   5.6351619768245517E-005
   3.7109375000000000E-002   7.4638445690198216E-002   2.3536255622452710E-004   3.7225000000000526E-003   5.5946290080194229E-005
   3.5156250000000000E-002   7.2917424786472201E-002   2.3623978290717310E-004   3.7200000000000523E-003   5.5650424050222404E-005
   3.3203125000000000E-002   7.1224417665661871E-002   2.3483590544811682E-004   3.7200000000000523E-003   5.5650424050222207E-005
   3.1250000000000000E-002   6.9563967102250379E-002   2.3223589843685981E-004   3.7200000000000523E-003   5.5650424050222600E-005
   2.9296875000000000E-002   6.7965730365255730E-002   2.3134636406465478E-004   3.7200000000000527E-003   5.5650424050222404E-005
   2.7343750000000000E-002   6.6345982894123759E-002   2.3000444227048913E-004   3.7200000000000527E-003   5.5650424050222207E-005
   2.5390625000000000E-002   6.4714367018597438E-002   2.2963497120930885E-004   3.7200000000000523E-003   5.5650424050222404E-005
   2.3437500000000000E-002   6.3089353135213827E-002   2.2694487258467371E-004   3.7200000000000523E-003   5.5650424050222207E-005
   2.1484375000000000E-002   6.1498964101436557E-002   2.2875606776394690E-004   3.7200000000000510E-003   5.5650424050223196E-005
   1.9531250000000000E-002   5.9922020845563001E-002   2.3090065537791126E-004   3.7200000000000510E-003   5.5650424050222986E-005
   1.7578125000000000E-002   5.8372348259280733E-002   2.3206586536560835E-004   3.7200000000000514E-003   5.5650424050222600E-005
   1.5625000000000000E-002   5.6850966971142121E-002   2.3218284483258762E-004   3.7200000000000514E-003   5.5650424050222600E-005
   1.3671875000000000E-002   5.5372045016026876E-002   2.3201585844381578E-004   3.7200000000000510E-003   5.5650424050222790E-005
   1.1718750000000000E-002   5.3893347439736165E-002   2.2814252094515084E-004   3.7200000000000514E-003   5.5650424050222600E-005
   9.7656250000000000E-003   5.2469777604222757E-002   2.2725231137580201E-004   3.7200000000000510E-003   5.5650424050223196E-005
   7.8125000000000000E-003   5.1064168015505416E-002   2.2811094910771349E-004   3.7200000000000514E-003   5.5650424050222600E-005
   5.8593750000000000E-003   4.9696657549095351E-002   2.2891500580536167E-004   3.7200000000000527E-003   5.5650424050222004E-005
   3.9062500000000000E-003   4.8391829351235628E-002   2.2850642759878644E-004   3.7175000000000524E-003   5.5465773412095081E-005
   1.9531250000000000E-003   4.7130497460531773E-002   2.2871918854080607E-004   3.7175000000000524E-003   5.5465773412094891E-005
   0.0000000000000000        4.5943677972864000E-002   2.2926930449126384E-004   3.7175000000000524E-003   5.5465773412095081E-005
