   1.0000000000000000        1.5737553638978319        1.5341471075011764E-003  0.19472000000000136        5.4204858330856860E-004
  0.99804687500000000        1.5738555303869139        1.5208062168642882E-003  0.19398000000000126        5.4135398900742755E-004
  0.99609375000000000        1.5708424175987099        1.4537929011062603E-003  0.19416500000000128        5.5603007512611984E-004
  0.99414062500000000        1.5695833888930573        1.3642835525703311E-003  0.19354750000000118        5.0057662457513019E-004
  0.99218750000000000        1.5676180708761072        1.3795320168052414E-003  0.19309000000000121        5.8251587744433619E-004
  0.99023437500000000        1.5646859972120279        1.2109960239472979E-003  0.19263750000000107        5.1409888556753906E-004
  0.98828125000000000        1.5645042152576198        1.3506598437710202E-003  0.19323750000000120        4.7210541484629632E-004
  0.98632812500000000        1.5609606611457922        1.3691213772717105E-003  0.19191500000000108        4.8478387353581581E-004
  0.98437500000000000        1.5589197955469121        1.2616403126549903E-003  0.19229500000000110        4.8843157559736643E-004
  0.98242187500000000        1.5553367604168722        1.1761354931277695E-003  0.19129000000000101        5.2030391274343721E-004
  0.98046875000000000        1.5518347659611933        1.2793762848148759E-003  0.19011250000000085        4.7111482601702942E-004
  0.97851562500000000        1.5503092813707542        1.3918626582931208E-003  0.18984750000000084        5.2885065725296579E-004
  0.97656250000000000        1.5466302177286695        1.4353006534642133E-003  0.18854500000000074        5.8111461168953006E-004
  0.97460937500000000        1.5450994898593289        1.2980300484468157E-003  0.18851750000000070        4.8462803345263852E-004
  0.97265625000000000        1.5425059613716119        1.2697260857639889E-003  0.18826250000000069        4.6398546596432337E-004
  0.97070312500000000        1.5389787726604442        1.2245382574218599E-003  0.18599250000000045        4.5673212039221969E-004
  0.96875000000000000        1.5362984435102554        1.2439431460114334E-003  0.18567750000000047        5.3969097732863946E-004
  0.96679687500000000        1.5321480557177918        1.1992557615195351E-003  0.18467250000000032        4.7707144023818540E-004
  0.96484375000000000        1.5300295356716123        1.2786469191259212E-003  0.18497500000000033        4.7446807004774411E-004
  0.96289062500000000        1.5276672056217757        1.3441236864651870E-003  0.18390500000000021        5.1731118157837702E-004
  0.96093750000000000        1.5253058909876205        1.4196057320043885E-003  0.18316250000000017        4.9242205710463044E-004
  0.95898437500000000        1.5221296652823504        1.4665671915551530E-003  0.18258000000000010        5.4662509080623440E-004
  0.95703125000000000        1.5193808177026387        1.4674681295817954E-003  0.18196250000000003        4.9920865407459007E-004
  0.95507812500000000        1.5177946627118797        1.3894849219751016E-003  0.18150499999999997        4.9783597355525081E-004
  0.95312500000000000        1.5146594283111456        1.4419817639492610E-003  0.18092249999999985        5.3752724854596310E-004
  0.95117187500000000        1.5117477850709145        1.4409335550884187E-003  0.18011499999999980        4.9655911994046938E-004
  0.94921875000000000        1.5082941849041611        1.4512569695835306E-003  0.17983749999999979        5.4869421439370859E-004
  0.94726562500000000        1.5060359562516172        1.3915394346304959E-003  0.17904499999999973        5.0817036632615101E-004
  0.94531250000000000        1.5019076322249083        1.3482228661790157E-003  0.17829499999999956        4.8665758605079702E-004
  0.94335937500000000        1.4991753021250254        1.1572251540420977E-003  0.17730499999999960        4.6416510254865078E-004
  0.94140625000000000        1.4955184147484537        1.0532256564595064E-003  0.17728749999999946        4.6236347971486048E-004
  0.93945312500000000        1.4937335693139966        1.2269108476547310E-003  0.17666999999999949        4.6378820052855597E-004
  0.93750000000000000        1.4913388808187145        1.3025799837426851E-003  0.17540249999999935        4.7975286935725682E-004
  0.93554687500000000        1.4862392960431683        1.3259386873010130E-003  0.17437499999999928        5.0576849217468455E-004
  0.93359375000000000        1.4824896052464935        1.1023772271315918E-003  0.17370499999999925        4.6325021055101267E-004
  0.93164062500000000        1.4810873471442463        1.2499818446610974E-003  0.17319499999999904        4.4726413004006639E-004
  0.92968750000000000        1.4771909809665089        1.2644455279108373E-003  0.17211249999999909        4.5119615154758417E-004
  0.92773437500000000        1.4740745943908573        1.1962241120168104E-003  0.17172249999999900        4.6238423339550690E-004
  0.92578125000000000        1.4709727429852921        1.0908962548250285E-003  0.17086999999999888        4.7759762871013898E-004
  0.92382812500000000        1.4671208777352787        1.2267910945148687E-003  0.17050749999999881        4.7929945459164485E-004
  0.92187500000000000        1.4638499455854015        1.2827826972367736E-003  0.16884999999999864        4.8961436071905985E-004
  0.91992187500000000        1.4626142670158238        1.3165606839981457E-003  0.16941499999999884        5.1703579189524783E-004
  0.91796875000000000        1.4607635448454988        1.1902934646566277E-003  0.16852999999999865        4.2380670265121584E-004
  0.91601562500000000        1.4585529061540439        1.3453265841035845E-003  0.16808499999999857        4.9801652035411526E-004
  0.91406250000000000        1.4558638048413426        1.3367149437279412E-003  0.16759999999999856        5.4954067137487892E-004
  0.91210937500000000        1.4515616004562171        1.2940492473341339E-003  0.16642249999999842        4.8309418064602813E-004
  0.91015625000000000        1.4487677662653866        1.2967903808314373E-003  0.16571749999999841        4.6210780531971376E-004
  0.90820312500000000        1.4447630658010209        1.2538225150051708E-003  0.16522499999999840        4.8154711738592219E-004
  0.90625000000000000        1.4414370319587284        1.1617963993376744E-003  0.16418249999999834        4.6960459135562206E-004
  0.90429687500000000        1.4378222835973411        1.2556725976511295E-003  0.16319249999999830        5.0148586040072254E-004
  0.90234375000000000        1.4346330640277194        1.2728994891937513E-003  0.16228499999999824        4.5938611870699372E-004
  0.90039062500000000        1.4319368913989710        1.1764764665694811E-003  0.16179249999999823        4.8929261194210127E-004
  0.89843750000000000        1.4287342073730724        1.2160158059703633E-003  0.16173749999999820        4.4316320214747806E-004
  0.89648437500000000        1.4230176791117513        1.2325021610120421E-003  0.15986499999999818        4.3226003443995220E-004
  0.89453125000000000        1.4198543486229209        1.2529541685209465E-003  0.15945749999999820        4.9605839048227972E-004
  0.89257812500000000        1.4170993653118602        1.2565526246630441E-003  0.15814749999999825        4.5088430227764787E-004
  0.89062500000000000        1.4137247710837897        1.0751062630441142E-003  0.15744249999999826        4.7699415270755538E-004
  0.88867187500000000        1.4117627853720018        1.3370176275668516E-003  0.15685249999999837        4.9045298325897896E-004
  0.88671875000000000        1.4102536156664369        1.2826597372017487E-003  0.15679999999999830        4.5654610220033701E-004
  0.88476562500000000        1.4072601063807391        1.1647033897285715E-003  0.15540749999999831        4.3634812288291855E-004
  0.88281250000000000        1.4042335016253944        1.3684202888344173E-003  0.15527249999999843        4.7148613902478487E-004
  0.88085937500000000        1.4011972712816101        1.3465081498382013E-003  0.15465749999999828        4.9352697622605918E-004
  0.87890625000000000        1.3976594520735646        1.4570274354511140E-003  0.15408999999999839        5.2841625388865758E-004
  0.87695312500000000        1.3943222304295997        1.2839314049202485E-003  0.15337749999999842        4.6398709871900640E-004
  0.87500000000000000        1.3901950501406901        1.1696869310858608E-003  0.15265499999999846        4.1770748790796226E-004
  0.87304687500000000        1.3853361346536253        1.2684850813391541E-003  0.15173999999999846        5.0561144102260092E-004
  0.87109375000000000        1.3815090869175848        1.2266347218883162E-003  0.15070749999999852        4.6320489554028363E-004
  0.86914062500000000        1.3790901596303113        1.3558509425289490E-003  0.14982249999999853        4.6111819241233785E-004
  0.86718750000000000        1.3757056810573334        1.2541375074876708E-003  0.14836999999999856        4.6986834605702952E-004
  0.86523437500000000        1.3734826553299628        1.2905947320348255E-003  0.14824249999999864        4.5675976434343695E-004
  0.86328125000000000        1.3675373412724681        1.2598393159176213E-003  0.14709249999999868        4.3974934033283962E-004
  0.86132812500000000        1.3638646767479841        1.2935941241624146E-003  0.14610249999999872        4.6127971695329685E-004
  0.85937500000000000        1.3615966996255326        1.1860119008668170E-003  0.14561749999999868        4.4774202021568643E-004
  0.85742187500000000        1.3584888631977055        1.2562895879577281E-003  0.14519999999999869        4.4974740385320225E-004
  0.85546875000000000        1.3542897354541141        1.1731184952374363E-003  0.14373999999999884        4.1446265565067334E-004
  0.85351562500000000        1.3502187624016195        1.1064698939044527E-003  0.14320499999999881        4.2974005532579377E-004
  0.85156250000000000        1.3487109575578904        1.1633844566660266E-003  0.14237249999999879        4.2913901058294927E-004
  0.84960937500000000        1.3452950961410730        1.1946418094595900E-003  0.14168999999999890        4.6781676461218338E-004
  0.84765625000000000        1.3419234702381388        1.2187399816090817E-003  0.14066749999999886        4.0592292583346905E-004
  0.84570312500000000        1.3371723657450372        1.3103013597118196E-003  0.14035999999999890        4.8395101597012723E-004
  0.84375000000000000        1.3346941069311462        1.2543987929722182E-003  0.13983249999999894        4.9820454148011566E-004
  0.84179687500000000        1.3291672263272181        1.2217453158596811E-003  0.13848999999999900        4.7179166348849190E-004
  0.83984375000000000        1.3250569518575133        1.2589290665787158E-003  0.13729249999999904        4.3525295965547256E-004
  0.83789062500000000        1.3229835453997540        1.3904221020164058E-003  0.13641999999999901        4.5861396367404353E-004
  0.83593750000000000        1.3211910709907588        1.4258399413497552E-003  0.13636249999999905        4.6473321063879015E-004
  0.83398437500000000        1.3173745072151062        1.4012323955064816E-003  0.13569249999999908        5.2901727788709518E-004
  0.83203125000000000        1.3137640385573648        1.3135709210586883E-003  0.13449749999999916        4.4786946544807325E-004
  0.83007812500000000        1.3100717807452451        1.1586994764301545E-003  0.13363749999999919        4.7229258982547375E-004
  0.82812500000000000        1.3062968213461676        1.2701575307576124E-003  0.13292749999999920        4.8713622791309697E-004
  0.82617187500000000        1.3023778849339249        1.2918436222497040E-003  0.13202499999999925        4.2590515613238455E-004
  0.82421875000000000        1.2976839596358618        1.3065632028887275E-003  0.13101499999999924        4.2176906170807908E-004
  0.82226562500000000        1.2938416623692559        1.3308408084299792E-003  0.13032499999999930        4.4249493519905132E-004
  0.82031250000000000        1.2899331429375176        1.2145774206424392E-003  0.12995249999999928        4.3553773508962838E-004
  0.81835937500000000        1.2868770751871184        1.3472603283571096E-003  0.12876499999999941        4.7307317861311596E-004
  0.81640625000000000        1.2821623436684646        1.4094994748117934E-003  0.12759749999999939        4.6170105713733264E-004
  0.81445312500000000        1.2797789834417834        1.4070758778839077E-003  0.12801249999999936        4.5080420563523607E-004
  0.81250000000000000        1.2766553169403128        1.3332995775985955E-003  0.12652999999999948        4.4186359246206950E-004
  0.81054687500000000        1.2742255752038780        1.2535703618378523E-003  0.12600749999999949        4.8902674680517623E-004
  0.80859375000000000        1.2698418422816247        1.4785969019441149E-003  0.12479499999999957        4.5597021655332907E-004
  0.80664062500000000        1.2644958075194972        1.3861152425116152E-003  0.12402249999999956        4.4123184713855114E-004
  0.80468750000000000        1.2610978393952805        1.2539495058778815E-003  0.12319499999999958        4.8944129145149571E-004
  0.80273437500000000        1.2583610836225139        1.1774595496110453E-003  0.12278999999999962        4.2068846891575872E-004
  0.80078125000000000        1.2540235453018580        1.2394338526630893E-003  0.12140999999999964        4.5391840587480565E-004
  0.79882812500000000        1.2494149405686468        1.3146310906296936E-003  0.12060499999999971        3.7670789530318380E-004
  0.79687500000000000        1.2466463875742775        1.3937089134834261E-003  0.11887749999999976        4.0409043329779290E-004
  0.79492187500000000        1.2417096114630155        1.3331489500281802E-003  0.11847249999999972        3.9159243332647145E-004
  0.79296875000000000        1.2378216063796621        1.2524399085687284E-003  0.11795999999999979        4.2775724731002165E-004
  0.79101562500000000        1.2338336042441804        1.1715508608909093E-003  0.11649499999999985        4.4031353613190646E-004
  0.78906250000000000        1.2304149071635115        1.2212429975252323E-003  0.11598749999999990        4.5115417363000116E-004
  0.78710937500000000        1.2259927124726278        1.3158508539958948E-003  0.11549249999999991        4.0732644875877174E-004
  0.78515625000000000        1.2209793731685157        1.2750821024327683E-003  0.11399249999999995        4.3604129113621439E-004
  0.78320312500000000        1.2166772139016870        1.2037793141062964E-003  0.11288750000000002        4.3955864859582553E-004
  0.78125000000000000        1.2127374681505705        1.1994009829324360E-003  0.11232499999999997        4.0752858237757373E-004
  0.77929687500000000        1.2101869733391128        1.2204172845844867E-003  0.11203750000000008        4.0092026399360218E-004
  0.77734375000000000        1.2057754307110133        1.4134336494641467E-003  0.11079000000000006        3.9704908990953502E-004
  0.77539062500000000        1.2018924879511375        1.3966093052348396E-003  0.10961750000000008        4.2654139673814137E-004
  0.77343750000000000        1.1985382945411072        1.3070678135006977E-003  0.10949500000000006        4.6936422720299833E-004
  0.77148437500000000        1.1944624130586841        1.3101728703570203E-003  0.10814250000000017        4.4499538926216873E-004
  0.76953125000000000        1.1901627639804819        1.2516770899488750E-003  0.10646750000000030        4.1497619196632240E-004
  0.76757812500000000        1.1853081753787738        1.2848134113584706E-003  0.10615000000000033        3.9641703374886431E-004
  0.76562500000000000        1.1805650118627908        1.2879848680586732E-003  0.10529000000000023        3.9855673968398691E-004
  0.76367187500000000        1.1783926303825210        1.2014663021571240E-003  0.10497750000000033        4.5930468695019227E-004
  0.76171875000000000        1.1753497541827698        1.1636640816300816E-003  0.10406000000000035        4.2004869847536220E-004
  0.75976562500000000        1.1712554288559753        1.2558607824474897E-003  0.10298500000000034        4.2681312590468973E-004
  0.75781250000000000        1.1668381423583298        1.2495518856397996E-003  0.10209750000000042        4.0972852246475662E-004
  0.75585937500000000        1.1629550572427965        1.1467039475363842E-003  0.10197250000000041        3.8621929121816588E-004
  0.75390625000000000        1.1602385152883181        1.1817831274046880E-003  0.10070000000000048        3.6067767305209881E-004
  0.75195312500000000        1.1545188553052026        1.3166424129638561E-003   9.9497500000000530E-002   3.6873546881139517E-004
  0.75000000000000000        1.1513865459007593        1.2565984268053658E-003   9.8612500000000519E-002   3.8254819132618452E-004
  0.74804687500000000        1.1460586092767397        1.3293637912586316E-003   9.7577500000000553E-002   4.1186161192058952E-004
  0.74609375000000000        1.1420568074703832        1.2897964515733099E-003   9.7230000000000580E-002   3.9089511368022603E-004
  0.74414062500000000        1.1398835115033947        1.2582368840216402E-003   9.6302500000000679E-002   3.8003015231242575E-004
  0.74218750000000000        1.1357723596564875        1.3949233042777382E-003   9.5407500000000672E-002   3.8146208292183699E-004
  0.74023437500000000        1.1317015591680899        1.2801546992741953E-003   9.4515000000000737E-002   3.9275027406446110E-004
  0.73828125000000000        1.1276828067108042        1.4066762275536172E-003   9.3917500000000764E-002   4.0419290761418010E-004
  0.73632812500000000        1.1241425891401613        1.3753094451700054E-003   9.3140000000000750E-002   4.0600480168339172E-004
  0.73437500000000000        1.1208136113912739        1.2854494186101237E-003   9.2290000000000816E-002   3.9990087155525642E-004
  0.73242187500000000        1.1173254297893833        1.1757622200544891E-003   9.1672500000000823E-002   3.5626951479424238E-004
  0.73046875000000000        1.1114927912000270        1.1816758397555536E-003   9.0535000000000851E-002   3.9563623482069484E-004
  0.72851562500000000        1.1059319918451078        1.2775112433298179E-003   8.9692500000000910E-002   4.2577699324852466E-004
  0.72656250000000000        1.1022158191297886        1.2047694991373402E-003   8.8902500000000939E-002   4.1805669653186515E-004
  0.72460937500000000        1.0963089348789563        1.3774742536012395E-003   8.7587500000000970E-002   4.2711705336214052E-004
  0.72265625000000000        1.0925477971184154        1.2583468051261038E-003   8.6330000000001003E-002   3.7581359553092754E-004
  0.72070312500000000        1.0875853250910226        1.2409527702496250E-003   8.5770000000001026E-002   4.0270048021780289E-004
  0.71875000000000000        1.0850697419475783        1.2344070208832425E-003   8.4987500000001062E-002   3.7766519229969555E-004
  0.71679687500000000        1.0809407974780079        1.1950778792688560E-003   8.4572500000001091E-002   3.3878673530726890E-004
  0.71484375000000000        1.0774904692567011        1.1670134567469566E-003   8.3677500000001112E-002   3.7422132961030963E-004
  0.71289062500000000        1.0734944415457188        1.2328783483888381E-003   8.2302500000001153E-002   3.5277212076900071E-004
  0.71093750000000000        1.0694408741239492        1.2244977684947153E-003   8.1830000000001166E-002   3.3219274555886034E-004
  0.70898437500000000        1.0655907547645369        1.2565416806701209E-003   8.1185000000001145E-002   3.6652235452096563E-004
  0.70703125000000000        1.0614049186653176        1.2564097882489559E-003   8.0285000000001133E-002   3.3601234044197583E-004
  0.70507812500000000        1.0575865981865300        1.2714395786516809E-003   7.9827500000001134E-002   3.6755565441288097E-004
  0.70312500000000000        1.0517884008104379        1.2954555014987384E-003   7.8485000000001123E-002   3.6702496268279066E-004
  0.70117187500000000        1.0472787655184768        1.2723054751560998E-003   7.7522500000001132E-002   3.5604617153194880E-004
  0.69921875000000000        1.0432497888505905        1.3395734615531119E-003   7.7095000000001121E-002   3.8105018360345098E-004
  0.69726562500000000        1.0391138313886963        1.3590881148417494E-003   7.5682500000001082E-002   3.8285304232843704E-004
  0.69531250000000000        1.0344878907087043        1.3413562102201145E-003   7.5135000000001048E-002   3.5101620153109092E-004
  0.69335937500000000        1.0296103773430283        1.3008242004425193E-003   7.4520000000001016E-002   3.4373321813949771E-004
  0.69140625000000000        1.0266882333681568        1.2841713711790128E-003   7.3302500000000992E-002   4.1779083198757933E-004
  0.68945312500000000        1.0212923676552972        1.2440159173637967E-003   7.2335000000000968E-002   3.9346331955891073E-004
  0.68750000000000000        1.0165946284690188        1.3441030142437237E-003   7.1187500000000889E-002   4.0452576986499340E-004
  0.68554687500000000        1.0118850127292156        1.2228442158928412E-003   7.0317500000000865E-002   3.6505940778470877E-004
  0.68359375000000000        1.0080488597166550        1.2272290075706048E-003   6.9667500000000868E-002   3.3952683579094393E-004
  0.68164062500000000        1.0044407934644632        1.2385639601627610E-003   6.9097500000000853E-002   3.7389390746623896E-004
  0.67968750000000000        1.0000890893144119        1.1253130642842070E-003   6.8172500000000816E-002   3.6030456743304970E-004
  0.67773437500000000       0.99517005714840712        1.2267647319822712E-003   6.7130000000000759E-002   3.6345841605616439E-004
  0.67578125000000000       0.99079051108672656        1.1522093667647782E-003   6.6685000000000730E-002   3.5981231078150339E-004
  0.67382812500000000       0.98733936825354229        1.1830781455960306E-003   6.5867500000000703E-002   3.8821748499596429E-004
  0.67187500000000000       0.98239389552187584        1.2662898205908321E-003   6.5170000000000686E-002   3.5346195486272156E-004
  0.66992187500000000       0.97829521889943594        1.3123129929034148E-003   6.4065000000000649E-002   3.8812258555018551E-004
  0.66796875000000000       0.97342235283517098        1.2053077813636412E-003   6.2997500000000636E-002   3.4803733617777869E-004
  0.66601562500000000       0.97023551922445250        1.2055171487033237E-003   6.2387500000000588E-002   3.4337847231961618E-004
  0.66406250000000000       0.96621227102605700        1.1088803898917595E-003   6.1935000000000552E-002   3.3804660189176944E-004
  0.66210937500000000       0.96117668502349718        1.0736956437481452E-003   6.0882500000000547E-002   3.0216924065832148E-004
  0.66015625000000000       0.95579217981936437        1.1457654627063574E-003   5.9795000000000494E-002   3.4088750773435565E-004
  0.65820312500000000       0.95186740213840648        1.2316179505903267E-003   5.8977500000000467E-002   3.1744511575261211E-004
  0.65625000000000000       0.94767447320298426        1.2011576237341707E-003   5.8190000000000450E-002   2.7182789415442280E-004
  0.65429687500000000       0.94418204689453167        1.1174648854620670E-003   5.7692500000000459E-002   2.9037277938901302E-004
  0.65234375000000000       0.93865952875318204        1.0213689235423087E-003   5.6825000000000403E-002   2.9855502174663655E-004
  0.65039062500000000       0.93306135027104997        1.0354434929576513E-003   5.5860000000000340E-002   2.8391918041963468E-004
  0.64843750000000000       0.92949884912168601        1.1214921664054033E-003   5.5180000000000333E-002   3.2574855519581499E-004
  0.64648437500000000       0.92556425600644943        1.1006264256714455E-003   5.4607500000000343E-002   2.9928903549525300E-004
  0.64453125000000000       0.92165717428208283        1.1568500934378465E-003   5.3495000000000299E-002   2.8974431431313789E-004
  0.64257812500000000       0.91764611178090016        1.2125581659948829E-003   5.3150000000000260E-002   3.2190641089264316E-004
  0.64062500000000000       0.91310824016339809        1.1697507471105854E-003   5.2205000000000244E-002   3.0751077832802333E-004
  0.63867187500000000       0.90743476084367902        1.2817361986537949E-003   5.1730000000000220E-002   3.4257418277960699E-004
  0.63671875000000000       0.90252102237643483        1.1640917264897420E-003   5.0400000000000222E-002   3.1530809047529543E-004
  0.63476562500000000       0.89859335966398257        1.0770761116110006E-003   5.0092500000000199E-002   3.0815217856039083E-004
  0.63281250000000000       0.89597886800758020        1.1989312991212660E-003   4.9437500000000190E-002   3.4326814253111227E-004
  0.63085937500000000       0.89210808430462596        1.1913208517157086E-003   4.8735000000000139E-002   3.3765793162295738E-004
  0.62890625000000000       0.88836617115258520        1.2296855994846851E-003   4.8470000000000166E-002   3.3082923056760178E-004
  0.62695312500000000       0.88438662853589789        1.1879182203150427E-003   4.7437500000000125E-002   3.4060950641251806E-004
  0.62500000000000000       0.87820274779516483        1.2265999295372853E-003   4.6750000000000062E-002   3.0207614933989876E-004
  0.62304687500000000       0.87443284108926078        1.1528065441793432E-003   4.5700000000000046E-002   3.2135681418044774E-004
  0.62109375000000000       0.86877543426177706        1.0771065298438027E-003   4.4747500000000009E-002   2.7905628754101657E-004
  0.61914062500000000       0.86487786851538029        1.1356064640881303E-003   4.4522500000000041E-002   2.9559251828938977E-004
  0.61718750000000000       0.86114230829869232        1.0812058341924662E-003   4.3754999999999981E-002   2.9924104334168268E-004
  0.61523437500000000       0.85706316032836127        1.1592447081053628E-003   4.3262499999999988E-002   2.7380075978821448E-004
  0.61328125000000000       0.85209124888232746        1.1989274297902529E-003   4.2622499999999966E-002   2.7088274607513327E-004
  0.61132812500000000       0.84924835506807450        1.0628813778981051E-003   4.1767499999999957E-002   2.5572374515944046E-004
  0.60937500000000000       0.84484435557549620        1.0920539347322651E-003   4.1147499999999948E-002   2.6605267857655949E-004
  0.60742187500000000       0.84038437111616016        1.0729093008357486E-003   4.0474999999999935E-002   2.6312755673077112E-004
  0.60546875000000000       0.83585985758489401        1.0551164275285313E-003   3.9717499999999906E-002   2.7612613773312153E-004
  0.60351562500000000       0.83215183657884784        1.0286258452963594E-003   3.9252499999999926E-002   2.8151141050126343E-004
  0.60156250000000000       0.82781365681125063        1.0345956846791991E-003   3.8479999999999924E-002   2.4885292398877919E-004
  0.59960937500000000       0.82337985633424537        9.9602987558528012E-004   3.8134999999999905E-002   2.6434644011985657E-004
  0.59765625000000000       0.81935367429328976        1.0278960382916920E-003   3.7364999999999912E-002   2.3869436524558743E-004
  0.59570312500000000       0.81492288838613047        1.0383658333026733E-003   3.6564999999999924E-002   2.4349154259052457E-004
  0.59375000000000000       0.81069076649616501        9.9102635905012394E-004   3.5872499999999918E-002   2.4281324140583991E-004
  0.59179687500000000       0.80687459569346787        9.8453217424908476E-004   3.5607499999999896E-002   2.5309336222036126E-004
  0.58984375000000000       0.80265028267665417        1.0644425019408854E-003   3.4589999999999906E-002   2.5232554729591103E-004
  0.58789062500000000       0.79817029371504533        9.5965446043346446E-004   3.4142499999999909E-002   2.3691128523290343E-004
  0.58593750000000000       0.79409580448648298        1.0189308936804436E-003   3.3384999999999929E-002   2.5950175647990062E-004
  0.58398437500000000       0.79032591730865731        1.0219546280256907E-003   3.2772499999999913E-002   2.6583903290175817E-004
  0.58203125000000000       0.78728298019408360        9.7561742604058944E-004   3.2517499999999935E-002   2.7730337013980597E-004
  0.58007812500000000       0.78273489097716764        9.1000186746916672E-004   3.1897499999999919E-002   2.5608984278131043E-004
  0.57812500000000000       0.77888059658538578        9.2868075601791763E-004   3.1464999999999917E-002   2.3279212125236395E-004
  0.57617187500000000       0.77492570919459336        9.2380735040475340E-004   3.0747499999999931E-002   2.1098299874058578E-004
  0.57421875000000000       0.77103519347597682        9.1828523732368481E-004   2.9967499999999935E-002   2.1880226648318584E-004
  0.57226562500000000       0.76754584502956968        8.9927761848158428E-004   2.9634999999999925E-002   2.2739799578019461E-004
  0.57031250000000000       0.76289678578833420        9.6393984137055214E-004   2.9337499999999940E-002   2.1699785294285149E-004
  0.56835937500000000       0.75941319270756291        9.4665139018747647E-004   2.8712499999999939E-002   1.9683015161771263E-004
  0.56640625000000000       0.75499526260488581        9.2909250817690904E-004   2.8262499999999923E-002   2.0133315146491580E-004
  0.56445312500000000       0.75082417302139293        9.1970070226498842E-004   2.7749999999999924E-002   2.0925553466487652E-004
  0.56250000000000000       0.74668570605921203        8.5585795190477930E-004   2.7132499999999938E-002   1.9881133511370137E-004
  0.56054687500000000       0.74224452913534822        8.9013905562321445E-004   2.6669999999999940E-002   2.0888956049750900E-004
  0.55859375000000000       0.73833784290076143        7.6555350542095897E-004   2.6104999999999948E-002   1.8199164704994932E-004
  0.55664062500000000       0.73480184943269289        7.9338952476354103E-004   2.5389999999999947E-002   1.9931448172738844E-004
  0.55468750000000000       0.73137263111502293        9.1496636034789911E-004   2.5217499999999941E-002   2.0249875295788011E-004
  0.55273437500000000       0.72692610946959080        9.0816585979334053E-004   2.4574999999999951E-002   2.0760478673369949E-004
  0.55078125000000000       0.72343125739582970        8.3927475498974996E-004   2.4087499999999949E-002   2.0613614090172675E-004
  0.54882812500000000       0.71999093383237933        8.7986828506900314E-004   2.3844999999999953E-002   1.9677898692941655E-004
  0.54687500000000000       0.71708002317067876        9.1369044405993584E-004   2.3292499999999942E-002   1.6399583482024470E-004
  0.54492187500000000       0.71393473493410742        9.1094768911458793E-004   2.2899999999999966E-002   1.9260311419068784E-004
  0.54296875000000000       0.70980440176617110        8.8516866999012434E-004   2.2542499999999958E-002   1.8718593225004932E-004
  0.54101562500000000       0.70609558570828401        8.2243202295176972E-004   2.2097499999999951E-002   1.9565659336003119E-004
  0.53906250000000000       0.70214971233439682        8.2822164324810720E-004   2.1844999999999955E-002   1.7808535576905834E-004
  0.53710937500000000       0.69888450097287791        8.4778604351739835E-004   2.1637499999999948E-002   1.6140853337561330E-004
  0.53515625000000000       0.69527559271036776        8.3841353172431842E-004   2.1099999999999963E-002   1.6552640242264573E-004
  0.53320312500000000       0.69127330125247000        8.1090480535100516E-004   2.0837499999999957E-002   1.8039571401882624E-004
  0.53125000000000000       0.68718385814545624        7.7213949938260517E-004   2.0454999999999966E-002   1.5559351989828088E-004
  0.52929687500000000       0.68365014152828030        7.7479386422840018E-004   2.0034999999999956E-002   1.5431585737825680E-004
  0.52734375000000000       0.67988676275065141        8.3172746888128535E-004   1.9767499999999969E-002   1.5440726516375029E-004
  0.52539062500000000       0.67619881621586320        8.4591095852113254E-004   1.9194999999999969E-002   1.6188520062629673E-004
  0.52343750000000000       0.67306393235928397        8.9366065546549862E-004   1.8809999999999966E-002   1.4616823018409424E-004
  0.52148437500000000       0.66840282295833886        8.1518196339555008E-004   1.8407499999999969E-002   1.6608439956172140E-004
  0.51953125000000000       0.66450374981239224        7.3727513323541295E-004   1.8109999999999963E-002   1.5432813002551311E-004
  0.51757812500000000       0.66140491155095804        7.4492315216298619E-004   1.7839999999999977E-002   1.6184385791073364E-004
  0.51562500000000000       0.65880894420372216        7.0700243865711235E-004   1.7434999999999975E-002   1.6278122518498383E-004
  0.51367187500000000       0.65499316716839073        7.5038504368045542E-004   1.7274999999999974E-002   1.6592638625778010E-004
  0.51171875000000000       0.65150429186663028        8.4588910957364026E-004   1.6867499999999976E-002   1.5995797270002332E-004
  0.50976562500000000       0.64725637413313697        8.0915336767441897E-004   1.6612499999999975E-002   1.5152320054377148E-004
  0.50781250000000000       0.64339844156541337        8.0990100964827764E-004   1.6197499999999979E-002   1.5664147927768279E-004
  0.50585937500000000       0.63976456632917988        8.6803985298552957E-004   1.6034999999999976E-002   1.3917233702837286E-004
  0.50390625000000000       0.63724005032894826        7.7474607388531463E-004   1.5767499999999973E-002   1.3776970793408810E-004
  0.50195312500000000       0.63369041348029209        7.5940998885749226E-004   1.5409999999999981E-002   1.2291287872951106E-004
  0.50000000000000000       0.62985024332575823        7.9407037822656185E-004   1.5137499999999981E-002   1.3499789560649634E-004
  0.49804687500000000       0.62710481591104816        8.4409765381573900E-004   1.4992499999999982E-002   1.3841887643503112E-004
  0.49609375000000000       0.62401431437536115        8.1732439446937472E-004   1.4652499999999982E-002   1.3724816239502115E-004
  0.49414062500000000       0.62072625260945757        8.5701293107368819E-004   1.4232499999999995E-002   1.3400658622438372E-004
  0.49218750000000000       0.61732532093387393        8.4065055814043033E-004   1.4064999999999987E-002   1.2770408502993922E-004
  0.49023437500000000       0.61368160377829784        8.6117125762427975E-004   1.3804999999999991E-002   1.3672670521588563E-004
  0.48828125000000000       0.61049132414558083        8.3706507830331577E-004   1.3529999999999978E-002   1.4434981360179373E-004
  0.48632812500000000       0.60746454641651415        7.9517340381716746E-004   1.3309999999999997E-002   1.4200583285786525E-004
  0.48437500000000000       0.60390622409290495        7.7767476311842133E-004   1.3057500000000000E-002   1.3403484960669299E-004
  0.48242187500000000       0.60075927255036365        7.2189700319720800E-004   1.2827499999999990E-002   1.3131497910510206E-004
  0.48046875000000000       0.59751349139511423        7.2823260388536130E-004   1.2622499999999991E-002   1.3810107373100788E-004
  0.47851562500000000       0.59467192833915838        7.3893100679791018E-004   1.2414999999999999E-002   1.3545751132269080E-004
  0.47656250000000000       0.59155321406897965        7.7770820667167272E-004   1.2272499999999993E-002   1.3109364183396991E-004
  0.47460937500000000       0.58835186425112240        7.4880147886828975E-004   1.2065000000000003E-002   1.2995822949755543E-004
  0.47265625000000000       0.58533815277922707        7.5420257939535541E-004   1.1764999999999994E-002   1.3889080806755088E-004
  0.47070312500000000       0.58218192161481552        7.4652384123603214E-004   1.1579999999999993E-002   1.2899573244840498E-004
  0.46875000000000000       0.57885835172120548        7.0356465556050849E-004   1.1447499999999999E-002   1.2969929284947914E-004
  0.46679687500000000       0.57576026428351701        6.9677028206947540E-004   1.1292500000000007E-002   1.3642509137087934E-004
  0.46484375000000000       0.57262418386914193        7.7101444350795344E-004   1.1035000000000008E-002   1.2890467075095613E-004
  0.46289062500000000       0.56985230329560854        7.9548624673982560E-004   1.0857500000000004E-002   1.3358191789264524E-004
  0.46093750000000000       0.56713493767548673        8.0224125398434287E-004   1.0797500000000000E-002   1.3136304655419589E-004
  0.45898437500000000       0.56442291650091436        7.7222356854568497E-004   1.0667500000000005E-002   1.2777500545960136E-004
  0.45703125000000000       0.56164848809639589        7.2617588878976977E-004   1.0577500000000004E-002   1.1692044908458408E-004
  0.45507812500000000       0.55825835325100481        7.0815376713638902E-004   1.0307500000000004E-002   1.1524321010257525E-004
  0.45312500000000000       0.55500249248396882        6.8159394829519528E-004   1.0202500000000003E-002   1.2621605454237069E-004
  0.45117187500000000       0.55209290976781134        6.6710820735437187E-004   1.0052500000000004E-002   1.2901604120763057E-004
  0.44921875000000000       0.54945366514396676        7.2632335589235928E-004   9.9175000000000062E-003   1.1612727039456714E-004
  0.44726562500000000       0.54643976061716260        6.7468284391397843E-004   9.8175000000000085E-003   1.1369899789009420E-004
  0.44531250000000000       0.54288779938248122        6.5577079961111275E-004   9.6375000000000054E-003   1.1333862509927629E-004
  0.44335937500000000       0.54010250858750886        6.9260298973041487E-004   9.4000000000000056E-003   1.0677787763163076E-004
  0.44140625000000000       0.53716846389034656        6.7762843666705473E-004   9.3150000000000108E-003   1.0104379488542795E-004
  0.43945312500000000       0.53425483851164879        6.1990780569855849E-004   9.1300000000000062E-003   9.7989898469287901E-005
  0.43750000000000000       0.53155371980909794        6.8227163818770800E-004   9.0000000000000132E-003   1.0018921492794591E-004
  0.43554687500000000       0.52869903350525016        6.1760820280680505E-004   8.8825000000000119E-003   9.4778782840717306E-005
  0.43359375000000000       0.52600438980549147        6.3194878300383160E-004   8.8025000000000100E-003   9.7396344796911360E-005
  0.43164062500000000       0.52312524164396923        6.9065622848237863E-004   8.7475000000000139E-003   9.8119631680985392E-005
  0.42968750000000000       0.52074493817052625        7.0719573345318781E-004   8.6850000000000122E-003   9.9215356012502374E-005
  0.42773437500000000       0.51767125927061630        7.2469797269608324E-004   8.4900000000000184E-003   9.5142105305798361E-005
  0.42578125000000000       0.51426975827627885        7.0067375065924263E-004   8.3900000000000155E-003   8.8998354314601466E-005
  0.42382812500000000       0.51134318659344846        6.4804163513070565E-004   8.2575000000000166E-003   8.8652582043788090E-005
  0.42187500000000000       0.50952808431455454        6.4802876964812283E-004   8.2150000000000174E-003   9.2114608016867857E-005
  0.41992187500000000       0.50696607856866693        5.7958751371543077E-004   8.1750000000000208E-003   9.2625835783245890E-005
  0.41796875000000000       0.50410019861908983        5.3576479725791690E-004   8.0900000000000173E-003   9.0559428559428299E-005
  0.41601562500000000       0.50168892939750964        5.5437414104345779E-004   8.0075000000000163E-003   8.6926693253571913E-005
  0.41406250000000000       0.49933893040397237        5.5123337772455729E-004   7.9675000000000180E-003   9.0916697914059073E-005
  0.41210937500000000       0.49645045714589281        5.5259229075737474E-004   7.8650000000000178E-003   8.5680578990584961E-005
  0.41015625000000000       0.49385280343264848        5.6780720046384586E-004   7.8225000000000187E-003   8.2747562446933482E-005
  0.40820312500000000       0.49090509677017691        5.9997038340977964E-004   7.7625000000000211E-003   8.2217913823782787E-005
  0.40625000000000000       0.48765211717508855        5.8366424509932952E-004   7.6275000000000205E-003   8.3899215031061795E-005
  0.40429687500000000       0.48537672934402515        6.6400643013930370E-004   7.5425000000000231E-003   8.8267199371273316E-005
  0.40234375000000000       0.48226899643316140        5.6171683361598568E-004   7.4700000000000244E-003   8.5964521692953125E-005
  0.40039062500000000       0.47976495741193664        6.1326679597136879E-004   7.3850000000000252E-003   8.2067661171136597E-005
  0.39843750000000000       0.47728373521291872        5.9460231295209768E-004   7.3300000000000205E-003   8.7030123659813751E-005
  0.39648437500000000       0.47496931560231537        6.2084970129932745E-004   7.3025000000000216E-003   8.8569937554363991E-005
  0.39453125000000000       0.47257874782040799        6.5641394887153604E-004   7.2575000000000252E-003   9.2075877251952709E-005
  0.39257812500000000       0.47001491317176664        6.4424073418488099E-004   7.2125000000000227E-003   8.6484000388697979E-005
  0.39062500000000000       0.46746399186486537        6.0120608992009098E-004   7.1250000000000245E-003   8.4574096375767278E-005
  0.38867187500000000       0.46453312302318478        5.6676336665470971E-004   7.0925000000000259E-003   8.6795868146313408E-005
  0.38671875000000000       0.46164313917497479        5.7526694346460424E-004   7.0475000000000225E-003   8.6871480017346064E-005
  0.38476562500000000       0.45929707066797026        5.7809432270517955E-004   7.0000000000000253E-003   8.6675407484626614E-005
  0.38281250000000000       0.45642747330600869        6.0650143513988404E-004   6.9350000000000253E-003   8.5989487259731904E-005
  0.38085937500000000       0.45427148735678230        6.0409197980383557E-004   6.8750000000000278E-003   8.9082018727718973E-005
  0.37890625000000000       0.45223312888409917        6.2064010738584153E-004   6.8350000000000268E-003   8.7344378205126975E-005
  0.37695312500000000       0.44962084821969911        6.1390703310404502E-004   6.7675000000000252E-003   8.2515303141449367E-005
  0.37500000000000000       0.44698340346332210        6.0388133615096602E-004   6.7150000000000291E-003   8.2344128846901975E-005
  0.37304687500000000       0.44539907465717216        5.6521047423760602E-004   6.6775000000000237E-003   8.6185655254906286E-005
  0.37109375000000000       0.44275154177061860        5.6289457076607284E-004   6.6325000000000264E-003   8.1762080934794844E-005
  0.36914062500000000       0.44009442064329002        5.4685541462259023E-004   6.5725000000000262E-003   8.4034549773027777E-005
  0.36718750000000000       0.43738216855806766        5.6503368503665885E-004   6.5675000000000247E-003   8.4451214175745886E-005
  0.36523437500000000       0.43498786922055926        5.4015850497619595E-004   6.4725000000000251E-003   8.3097773128948198E-005
  0.36328125000000000       0.43267978576756616        5.0554220030259004E-004   6.4450000000000271E-003   8.2003017929189174E-005
  0.36132812500000000       0.43010728433120698        4.6051492938738257E-004   6.4200000000000264E-003   7.9366176038599644E-005
  0.35937500000000000       0.42768614461383136        5.1703885333876732E-004   6.3550000000000264E-003   7.8268832245091652E-005
  0.35742187500000000       0.42525032473749236        5.5918643680004658E-004   6.3125000000000273E-003   7.8686743072475213E-005
  0.35546875000000000       0.42249834739152303        6.0255603131165799E-004   6.2700000000000256E-003   7.6844326433712185E-005
  0.35351562500000000       0.41969108129674226        5.4832880753544352E-004   6.2575000000000269E-003   7.7805685829989118E-005
  0.35156250000000000       0.41724750786149989        5.6129218108624964E-004   6.2275000000000273E-003   7.9938028395993245E-005
  0.34960937500000000       0.41502001657574900        5.4748365140424465E-004   6.2025000000000266E-003   7.6102585602290791E-005
  0.34765625000000000       0.41260887001537117        5.2526524102030063E-004   6.1525000000000277E-003   7.6367581968777377E-005
  0.34570312500000000       0.41017881795022432        5.4406389928505442E-004   6.1425000000000281E-003   7.5733367344210675E-005
  0.34375000000000000       0.40737021194271589        5.2501807942907566E-004   6.1000000000000325E-003   7.6870611478579862E-005
  0.34179687500000000       0.40530852251468985        5.2399052379825130E-004   6.0300000000000310E-003   7.7303024363588297E-005
  0.33984375000000000       0.40273649593613314        5.1211381711388515E-004   6.0075000000000302E-003   7.5666649979974008E-005
  0.33789062500000000       0.40021698645203657        4.9205206692594827E-004   5.9600000000000321E-003   7.6021660921692710E-005
  0.33593750000000000       0.39754614644787378        5.1381158663310026E-004   5.9450000000000301E-003   7.6424188354583367E-005
  0.33398437500000000       0.39530342994653567        5.3978414302610818E-004   5.9300000000000307E-003   7.4627018694250740E-005
  0.33203125000000000       0.39327212440801707        5.5496001789137378E-004   5.9000000000000320E-003   7.5126156523140679E-005
  0.33007812500000000       0.39108903829696090        5.6883603330634496E-004   5.8725000000000305E-003   7.4492813699909038E-005
  0.32812500000000000       0.38862861141475941        5.3534059157027544E-004   5.8700000000000314E-003   7.3724850188749399E-005
  0.32617187500000000       0.38633446544435351        4.8968943921347274E-004   5.8425000000000317E-003   7.6512938761883945E-005
  0.32421875000000000       0.38374170766068266        4.8561101596704566E-004   5.8050000000000324E-003   7.4922518900420894E-005
  0.32226562500000000       0.38131111788253080        5.0621813362840642E-004   5.7750000000000327E-003   7.4915777626436900E-005
  0.32031250000000000       0.37902047918831239        4.9247965545219435E-004   5.7675000000000330E-003   7.5482873166129698E-005
  0.31835937500000000       0.37696746548438803        4.7609275297595124E-004   5.7425000000000323E-003   7.5080344170815470E-005
  0.31640625000000000       0.37474759879715991        4.7727874104868637E-004   5.7050000000000321E-003   7.3544805281123806E-005
  0.31445312500000000       0.37202724544972066        4.9529149884735299E-004   5.7000000000000332E-003   7.4620250724463096E-005
  0.31250000000000000       0.36964811649370721        4.9181951459259055E-004   5.6825000000000321E-003   7.3842498918067805E-005
  0.31054687500000000       0.36700978766098485        4.5198749432893818E-004   5.6550000000000341E-003   7.3836086548297448E-005
  0.30859375000000000       0.36477610960933654        4.5660335811352438E-004   5.6325000000000350E-003   7.3722709383118473E-005
  0.30664062500000000       0.36233099080564379        4.6198657751813260E-004   5.6150000000000340E-003   7.4316753144763539E-005
  0.30468750000000000       0.36020354081822753        5.1125499890728094E-004   5.6000000000000346E-003   7.4620250724462812E-005
  0.30273437500000000       0.35790151963460909        5.2968954265179033E-004   5.5775000000000338E-003   7.4170071423381372E-005
  0.30078125000000000       0.35625679818765865        5.0303012246201428E-004   5.5475000000000350E-003   7.4170071423380478E-005
  0.29882812500000000       0.35429893853164807        4.9523761879729329E-004   5.5250000000000334E-003   7.3640884011396291E-005
  0.29687500000000000       0.35201066733379838        4.8356056277460969E-004   5.4950000000000354E-003   7.4023951897648750E-005
  0.29492187500000000       0.34982543054240872        4.7949330393415372E-004   5.4825000000000360E-003   7.3962094441283157E-005
  0.29296875000000000       0.34744162928630318        4.8980039649697033E-004   5.4800000000000352E-003   7.3312669264919030E-005
  0.29101562500000000       0.34543774640875996        5.1411456067463755E-004   5.4625000000000359E-003   7.1982654335974635E-005
  0.28906250000000000       0.34333727292938038        4.9222517923061732E-004   5.4425000000000359E-003   7.1231501231383177E-005
  0.28710937500000000       0.34073026788270389        4.6308234066012464E-004   5.4225000000000358E-003   7.2010713989605947E-005
  0.28515625000000000       0.33837938432866849        4.5602607804204028E-004   5.3975000000000351E-003   7.1252768863440771E-005
  0.28320312500000000       0.33603278788562863        4.5733615744692895E-004   5.3875000000000346E-003   7.2854410652444562E-005
  0.28125000000000000       0.33377961604777368        4.6711196530638456E-004   5.3800000000000349E-003   7.2776813934552755E-005
  0.27929687500000000       0.33149515746886465        4.8814903267946754E-004   5.3625000000000356E-003   7.1454495656289298E-005
  0.27734375000000000       0.32938868068685800        4.7910981212725024E-004   5.3525000000000343E-003   7.1870306170844213E-005
  0.27539062500000000       0.32686823510861013        4.3879170033160576E-004   5.3450000000000355E-003   7.0958445657306028E-005
  0.27343750000000000       0.32465728844248004        4.6741027591260090E-004   5.3300000000000361E-003   7.1322287448373974E-005
  0.27148437500000000       0.32257680923965409        4.6878859415984409E-004   5.3150000000000367E-003   7.0855165975773014E-005
  0.26953125000000000       0.32031614048186424        4.7488275738183947E-004   5.3100000000000369E-003   7.0988688813032605E-005
  0.26757812500000000       0.31821699407426024        4.6046635334642192E-004   5.3050000000000362E-003   7.0135150915494448E-005
  0.26562500000000000       0.31603137416902527        4.2289832078877299E-004   5.2900000000000377E-003   6.9150691839039616E-005
  0.26367187500000000       0.31347710758147063        3.9723022586401113E-004   5.2775000000000382E-003   6.9530804887348578E-005
  0.26171875000000000       0.31126776038403564        3.8048348338057546E-004   5.2675000000000386E-003   7.0554710485670123E-005
  0.25976562500000000       0.30908680451294002        4.0581211304248485E-004   5.2625000000000380E-003   7.0565447091562068E-005
  0.25781250000000000       0.30687628235713832        4.1444896012835468E-004   5.2550000000000374E-003   7.0619552619093399E-005
  0.25585937500000000       0.30468916306733279        3.8361931145029652E-004   5.2375000000000390E-003   7.0654855359403225E-005
  0.25390625000000000       0.30300949120696674        3.7526162841957234E-004   5.2300000000000393E-003   7.0503241561694746E-005
  0.25195312500000000       0.30091058585804648        3.8933549809587334E-004   5.2200000000000388E-003   7.0556947413294430E-005
  0.25000000000000000       0.29867198666655836        3.8349320886776921E-004   5.2100000000000393E-003   7.0417227001532873E-005
  0.24804687500000000       0.29629215320951585        3.7736115095782544E-004   5.1975000000000380E-003   6.9294332708052804E-005
  0.24609375000000000       0.29424233486734691        3.7375700405744926E-004   5.1975000000000380E-003   6.9294332708052492E-005
  0.24414062500000000       0.29228905631986951        3.9280964740379132E-004   5.1825000000000386E-003   6.8796930721997868E-005
  0.24218750000000000       0.29010671404451460        3.9332141330377507E-004   5.1875000000000393E-003   6.9210464409929319E-005
  0.24023437500000000       0.28800055344591674        4.1403328625645849E-004   5.1775000000000397E-003   6.9111880456269127E-005
  0.23828125000000000       0.28622277088287967        4.4572873234657038E-004   5.1750000000000398E-003   6.9130603961197755E-005
  0.23632812500000000       0.28371107173528171        4.3292784346407408E-004   5.1600000000000387E-003   6.9314828532898587E-005
  0.23437500000000000       0.28153024874390803        4.3065902261713219E-004   5.1575000000000371E-003   6.9690422946807018E-005
  0.23242187500000000       0.27937220444583449        4.5112354041919523E-004   5.1550000000000380E-003   6.9338505051868754E-005
  0.23046875000000000       0.27718906560501305        4.1930011185686150E-004   5.1400000000000378E-003   6.8839588093543518E-005
  0.22851562500000000       0.27511687908868598        4.1964704176700868E-004   5.1200000000000386E-003   6.8024059914655063E-005
  0.22656250000000000       0.27285648163956022        4.1892702157906355E-004   5.1150000000000397E-003   6.6895440801296400E-005
  0.22460937500000000       0.27096556911980757        4.0386956456156216E-004   5.1025000000000384E-003   6.7147414339831840E-005
  0.22265625000000000       0.26851621510245705        4.1007875211590740E-004   5.0975000000000395E-003   6.7503741011182069E-005
  0.22070312500000000       0.26611453969658089        4.0940582558199854E-004   5.0900000000000398E-003   6.7748793272637915E-005
  0.21875000000000000       0.26372609628148724        3.6876161925573811E-004   5.0900000000000415E-003   6.8490211643040499E-005
  0.21679687500000000       0.26158552384871275        3.6994910811816758E-004   5.0825000000000410E-003   6.7705448656494568E-005
  0.21484375000000000       0.25947282563632096        3.5495538799543846E-004   5.0750000000000395E-003   6.8211273098933944E-005
  0.21289062500000000       0.25758759546500803        3.6512974208116676E-004   5.0600000000000410E-003   6.6488398015793519E-005
  0.21093750000000000       0.25592411717225128        3.6711228572302158E-004   5.0575000000000403E-003   6.6082191705523901E-005
  0.20898437500000000       0.25380249689949619        3.6881999617586353E-004   5.0500000000000414E-003   6.6477002934784815E-005
  0.20703125000000000       0.25162182627954260        3.7144149188106927E-004   5.0475000000000415E-003   6.6826985264902474E-005
  0.20507812500000000       0.24936954600121036        3.5206259681666975E-004   5.0325000000000395E-003   6.6444231191170011E-005
  0.20312500000000000       0.24712394373982124        3.5448788467412975E-004   5.0300000000000396E-003   6.6027236498248932E-005
  0.20117187500000000       0.24502365252839173        3.4683101862281903E-004   5.0275000000000406E-003   6.5702785790297606E-005
  0.19921875000000000       0.24264908543782862        3.5206622806789232E-004   5.0250000000000399E-003   6.5760892249837024E-005
  0.19726562500000000       0.24046248149860272        3.3893467349141486E-004   5.0125000000000412E-003   6.5556572068814459E-005
  0.19531250000000000       0.23829651705800942        3.5575974808229336E-004   5.0050000000000407E-003   6.5998546050710156E-005
  0.19335937500000000       0.23640596368666089        3.6185311190911086E-004   5.0000000000000409E-003   6.6000459135223593E-005
  0.19140625000000000       0.23438978113561798        3.6402058299747555E-004   4.9850000000000406E-003   6.4922253425914151E-005
  0.18945312500000000       0.23236607087096672        3.5494002805915080E-004   4.9800000000000400E-003   6.4322420176586882E-005
  0.18750000000000000       0.23041426810251819        3.4932609228723738E-004   4.9750000000000402E-003   6.4696260020233716E-005
  0.18554687500000000       0.22828919797045047        3.5344571156358911E-004   4.9625000000000407E-003   6.4684061234413894E-005
  0.18359375000000000       0.22616214553585159        3.2445946857661558E-004   4.9525000000000402E-003   6.4127300006006438E-005
  0.18164062500000000       0.22407397370929946        3.1627282742875061E-004   4.9475000000000387E-003   6.4578567761613444E-005
  0.17968750000000000       0.22208527502896316        3.2196989877867103E-004   4.9425000000000397E-003   6.4437641142110505E-005
  0.17773437500000000       0.22003379724697300        3.3503592661294134E-004   4.9400000000000390E-003   6.4561457683216285E-005
  0.17578125000000000       0.21793002836910225        3.4672071611061364E-004   4.9325000000000393E-003   6.4730892036479539E-005
  0.17382812500000000       0.21588622663420751        3.5858517923643166E-004   4.9275000000000395E-003   6.4773790528220980E-005
  0.17187500000000000       0.21402573872361061        3.6457804773098199E-004   4.9250000000000379E-003   6.4891128714629340E-005
  0.16992187500000000       0.21217433979803021        3.4543974944019513E-004   4.9200000000000389E-003   6.5025247621848964E-005
  0.16796875000000000       0.21011794633853373        3.2960281596572507E-004   4.9075000000000394E-003   6.4808868173570788E-005
  0.16601562500000000       0.20825953198092154        3.2907612300208256E-004   4.8950000000000399E-003   6.5054367317425680E-005
  0.16406250000000000       0.20606397509469374        3.1692829157222829E-004   4.8925000000000383E-003   6.5158606027092863E-005
  0.16210937500000000       0.20400438510005356        3.1098017440443001E-004   4.8900000000000384E-003   6.4970855937198122E-005
  0.16015625000000000       0.20188212717872667        3.1092168379631468E-004   4.8875000000000376E-003   6.4878966568760900E-005
  0.15820312500000000       0.19973297697535400        3.1918678266665187E-004   4.8825000000000387E-003   6.4983972382940102E-005
  0.15625000000000000       0.19772651241275807        3.1964843212367036E-004   4.8775000000000389E-003   6.4987858228839036E-005
  0.15429687500000000       0.19566368966715808        3.0899206030247505E-004   4.8775000000000381E-003   6.4987858228840039E-005
  0.15234375000000000       0.19372673896030088        3.1848016041304624E-004   4.8750000000000399E-003   6.4891128714628663E-005
  0.15039062500000000       0.19166111733747901        3.2565637710830158E-004   4.8700000000000401E-003   6.4889182924474689E-005
  0.14843750000000000       0.18959340749855927        3.1894102452348073E-004   4.8600000000000396E-003   6.5164903486958169E-005
  0.14648437500000000       0.18754413254046834        3.1122561020156239E-004   4.8600000000000396E-003   6.5164903486958494E-005
  0.14453125000000000       0.18546091488328764        3.0800264396542697E-004   4.8550000000000407E-003   6.5054367317426019E-005
  0.14257812500000000       0.18336116062848110        3.1851582037901430E-004   4.8550000000000398E-003   6.5054367317427035E-005
  0.14062500000000000       0.18127301781765792        3.4195651399277925E-004   4.8500000000000400E-003   6.5327457991848595E-005
  0.13867187500000000       0.17937701670402817        3.3700952324699178E-004   4.8475000000000410E-003   6.4929546121898193E-005
  0.13671875000000000       0.17745207092375812        3.3731801681634088E-004   4.8500000000000409E-003   6.5327457991847253E-005
  0.13476562500000000       0.17532963538505342        3.3155298495791263E-004   4.8475000000000410E-003   6.5702785790299273E-005
  0.13281250000000000       0.17334556052485817        3.3963136205915979E-004   4.8400000000000413E-003   6.5184276470555113E-005
  0.13085937500000000       0.17127923491439032        3.3671066479876470E-004   4.8375000000000414E-003   6.4976199993970491E-005
  0.12890625000000000       0.16910764828902303        3.3006627418104062E-004   4.8350000000000415E-003   6.5252036618239722E-005
  0.12695312500000000       0.16717400421237458        3.2334884413938436E-004   4.8250000000000402E-003   6.4696260020236752E-005
  0.12500000000000000       0.16528442036224472        3.1704178816110409E-004   4.8175000000000414E-003   6.4143049569541979E-005
  0.12304687500000000       0.16342273280211586        3.0228151528241819E-004   4.8100000000000417E-003   6.3972058294415007E-005
  0.12109375000000000       0.16150688415908485        3.0388352475929219E-004   4.8100000000000408E-003   6.3972058294416037E-005
  0.11914062500000000       0.15960004202660105        3.0571419966388564E-004   4.8100000000000408E-003   6.3972058294416376E-005
  0.11718750000000000       0.15771478862678520        3.0467697684613429E-004   4.8100000000000399E-003   6.3972058294417406E-005
  0.11523437500000000       0.15571497895457118        3.0692051091037328E-004   4.8100000000000399E-003   6.3972058294416715E-005
  0.11328125000000000       0.15362866184935789        3.0085454361686808E-004   4.8050000000000419E-003   6.4312604605247517E-005
  0.11132812500000000       0.15172731780341692        3.0768571711109396E-004   4.8025000000000402E-003   6.4578567761613769E-005
  0.10937500000000000       0.14980729807556029        3.0792546593685433E-004   4.8025000000000411E-003   6.4578567761613105E-005
  0.10742187500000000       0.14787063525135311        3.0693306772888891E-004   4.8000000000000429E-003   6.4255644723148960E-005
  0.10546875000000000       0.14599117775159948        3.0743691893308871E-004   4.8025000000000420E-003   6.4578567761612766E-005
  0.10351562500000000       0.14410715218502176        2.9895435599644644E-004   4.7975000000000404E-003   6.4715285534549475E-005
  0.10156250000000000       0.14218010559149769        2.9474581038791374E-004   4.7950000000000405E-003   6.4292968966955013E-005
   9.9609375000000000E-002  0.14033185463909081        3.0685737979310458E-004   4.7900000000000416E-003   6.4129761130274823E-005
   9.7656250000000000E-002  0.13843316696124647        2.9914876852759237E-004   4.7850000000000418E-003   6.4551678459348434E-005
   9.5703125000000000E-002  0.13657838550302415        3.0001102503413827E-004   4.7850000000000427E-003   6.4551678459347079E-005
   9.3750000000000000E-002  0.13473109085641646        2.9939732692631677E-004   4.7850000000000427E-003   6.4551678459347079E-005
   9.1796875000000000E-002  0.13283519223729987        3.0022096737461560E-004   4.7825000000000419E-003   6.5003399289512764E-005
   8.9843750000000000E-002  0.13091649016648288        3.0448625306718930E-004   4.7825000000000419E-003   6.5003399289511747E-005
   8.7890625000000000E-002  0.12909357839648622        2.9736718206588286E-004   4.7775000000000421E-003   6.4929546121898885E-005
   8.5937500000000000E-002  0.12716184896877625        2.9400925321725779E-004   4.7775000000000421E-003   6.4929546121898885E-005
   8.3984375000000000E-002  0.12515538706342411        3.0010515434131713E-004   4.7725000000000423E-003   6.4754294736862680E-005
   8.2031250000000000E-002  0.12328869072609126        3.0308131421980303E-004   4.7725000000000423E-003   6.4754294736862328E-005
   8.0078125000000000E-002  0.12148173766529012        3.0376608188171378E-004   4.7725000000000415E-003   6.4754294736863005E-005
   7.8125000000000000E-002  0.11962311602354504        3.0156757520768837E-004   4.7700000000000407E-003   6.4616193986124899E-005
   7.6171875000000000E-002  0.11776157223320986        3.0479765413112409E-004   4.7700000000000416E-003   6.4616193986123883E-005
   7.4218750000000000E-002  0.11594670359562635        3.0225499494502097E-004   4.7650000000000418E-003   6.4727478435717617E-005
   7.2265625000000000E-002  0.11407874465035793        3.0224009565978202E-004   4.7650000000000418E-003   6.4824939084218267E-005
   7.0312500000000000E-002  0.11221355755169519        3.0838084051592246E-004   4.7650000000000418E-003   6.4824939084217928E-005
   6.8359375000000000E-002  0.11037686573096529        3.0299447334266878E-004   4.7625000000000427E-003   6.4586388002049348E-005
   6.6406250000000000E-002  0.10848585981460239        3.0573309035503263E-004   4.7575000000000421E-003   6.4202076022947953E-005
   6.4453125000000000E-002  0.10667436142130740        2.9715425421195617E-004   4.7550000000000422E-003   6.3661430849279742E-005
   6.2500000000000000E-002  0.10492267048298885        2.9217504996110328E-004   4.7550000000000422E-003   6.3661430849279742E-005
   6.0546875000000000E-002  0.10304534467059420        2.8767345981952930E-004   4.7550000000000422E-003   6.3661430849280772E-005
   5.8593750000000000E-002  0.10120074287169550        2.7726730842803505E-004   4.7525000000000431E-003   6.3314889658950605E-005
   5.6640625000000000E-002   9.9393636942769537E-002   2.7985896224360241E-004   4.7525000000000431E-003   6.3314889658950605E-005
   5.4687500000000000E-002   9.7615419687034966E-002   2.8453046402493145E-004   4.7500000000000424E-003   6.2965438652059843E-005
   5.2734375000000000E-002   9.5827741684870807E-002   2.8155705712150489E-004   4.7500000000000424E-003   6.2965438652059843E-005
   5.0781250000000000E-002   9.4025914957741819E-002   2.7663506445623355E-004   4.7500000000000424E-003   6.2965438652059843E-005
   4.8828125000000000E-002   9.2259156565758324E-002   2.7495329647653167E-004   4.7500000000000424E-003   6.2965438652059843E-005
   4.6875000000000000E-002   9.0507231641511116E-002   2.7442991474797504E-004   4.7475000000000416E-003   6.2613029108496814E-005
   4.4921875000000000E-002   8.8775214175051784E-002   2.7572524962158083E-004   4.7475000000000407E-003   6.2613029108497166E-005
   4.2968750000000000E-002   8.7015920106617906E-002   2.7353939360757118E-004   4.7475000000000407E-003   6.2613029108497166E-005
   4.1015625000000000E-002   8.5239492983596052E-002   2.7648905490751548E-004   4.7475000000000407E-003   6.2613029108497166E-005
   3.9062500000000000E-002   8.3542611316712409E-002   2.6865670570783400E-004   4.7475000000000416E-003   6.2613029108496461E-005
   3.7109375000000000E-002   8.1819768466679793E-002   2.6925308927374687E-004   4.7475000000000425E-003   6.2613029108495066E-005
   3.5156250000000000E-002   8.0151385819644330E-002   2.6913006802526432E-004   4.7475000000000416E-003   6.2613029108495066E-005
   3.3203125000000000E-002   7.8449603725030959E-002   2.6571309184346642E-004   4.7475000000000407E-003   6.2613029108496461E-005
   3.1250000000000000E-002   7.6783493535735103E-002   2.6667569488736929E-004   4.7475000000000425E-003   6.2613029108495418E-005
   2.9296875000000000E-002   7.5117052387628391E-002   2.6699883383582537E-004   4.7475000000000416E-003   6.2613029108496123E-005
   2.7343750000000000E-002   7.3462635434564799E-002   2.6608003090077361E-004   4.7475000000000416E-003   6.2613029108496123E-005
   2.5390625000000000E-002   7.1791995866320998E-002   2.6421773340187175E-004   4.7425000000000418E-003   6.2709749052779044E-005
   2.3437500000000000E-002   7.0160949466892608E-002   2.6528068544419468E-004   4.7425000000000418E-003   6.2508080285752322E-005
   2.1484375000000000E-002   6.8521815283445864E-002   2.6458310882675168E-004   4.7425000000000418E-003   6.2508080285751983E-005
   1.9531250000000000E-002   6.6951230138036943E-002   2.6136744335222156E-004   4.7400000000000419E-003   6.2454023493326447E-005
   1.7578125000000000E-002   6.5351392970639910E-002   2.6269217771674781E-004   4.7400000000000419E-003   6.2454023493326447E-005
   1.5625000000000000E-002   6.3786385706675081E-002   2.6277590806719726E-004   4.7350000000000421E-003   6.2947388646183614E-005
   1.3671875000000000E-002   6.2225168969644924E-002   2.6454463112101522E-004   4.7350000000000421E-003   6.2947388646183614E-005
   1.1718750000000000E-002   6.0693185052156408E-002   2.6283712677883572E-004   4.7350000000000421E-003   6.2947388646183614E-005
   9.7656250000000000E-003   5.9205972356303482E-002   2.6246093541572779E-004   4.7350000000000421E-003   6.2947388646183614E-005
   7.8125000000000000E-003   5.7741319821579713E-002   2.6124379525689021E-004   4.7350000000000413E-003   6.2947388646184658E-005
   5.8593750000000000E-003   5.6310778386656359E-002   2.6144630694525798E-004   4.7350000000000421E-003   6.2947388646183953E-005
   3.9062500000000000E-003   5.4908594789230658E-002   2.6117700488995728E-004   4.7350000000000421E-003   6.2947388646183614E-005
   1.9531250000000000E-003   5.3565289497786155E-002   2.6133259117094626E-004   4.7350000000000421E-003   6.2947388646183614E-005
   0.0000000000000000        5.3565289497695512E-002   2.6133259118272568E-004   4.7350000000000421E-003   6.2947388646183614E-005
