   1.0000000000000000        1.5757972957851782        1.4148357569483334E-003  0.19574250000000137        5.8010421172854227E-004
  0.99609375000000000        1.5737444991433920        1.1967223350092624E-003  0.19495250000000142        4.4829496005653873E-004
  0.99218750000000000        1.5700519582481474        1.3540674161097042E-003  0.19434000000000126        5.5601077309559124E-004
  0.98828125000000000        1.5661540007194807        1.3148606669202002E-003  0.19315500000000119        5.1139515054412425E-004
  0.98437500000000000        1.5599702659855823        1.2645373009487846E-003  0.19192250000000108        4.9105245404782133E-004
  0.98046875000000000        1.5551710134059553        1.2057678430482444E-003  0.19051000000000085        4.8231240138078721E-004
  0.97656250000000000        1.5503875024495986        1.3291799785871794E-003  0.18855000000000072        4.7792163678679248E-004
  0.97265625000000000        1.5467631732308464        1.3392719446646297E-003  0.18863250000000062        4.5844289324192589E-004
  0.96875000000000000        1.5394571353964421        1.3392677075157208E-003  0.18774250000000062        4.6894001199346551E-004
  0.96484375000000000        1.5352754250073051        1.3131532278308411E-003  0.18554750000000042        5.5704504242729891E-004
  0.96093750000000000        1.5299067781292794        1.3480711509448915E-003  0.18556250000000027        5.0723770402476807E-004
  0.95703125000000000        1.5262781946603445        1.4452824884183947E-003  0.18307000000000012        5.5885976991050740E-004
  0.95312500000000000        1.5198675408863225        1.2221214317121338E-003  0.18162250000000008        5.0568104641827484E-004
  0.94921875000000000        1.5136502511016690        1.0906870726998593E-003  0.18147749999999996        5.0796801328943804E-004
  0.94531250000000000        1.5054617263235037        1.2647399820696432E-003  0.17942999999999965        4.1322945908878271E-004
  0.94140625000000000        1.5001741465780716        1.3135921206193853E-003  0.17763999999999949        4.9388073643192513E-004
  0.93750000000000000        1.4927122151898384        1.2665230064609551E-003  0.17653499999999947        5.0750702836352391E-004
  0.93359375000000000        1.4869436462969434        1.2189478583925918E-003  0.17485249999999927        4.5856185762951891E-004
  0.92968750000000000        1.4832944177606313        1.2123926305492357E-003  0.17397249999999914        4.4275730121355231E-004
  0.92578125000000000        1.4767509228286448        1.1654215153917694E-003  0.17216499999999901        4.4451227386442299E-004
  0.92187500000000000        1.4713652764528440        1.1976789054863443E-003  0.17089999999999886        4.4044284418078033E-004
  0.91796875000000000        1.4652543950730581        1.2495186755709172E-003  0.16967999999999872        4.7031957757518415E-004
  0.91406250000000000        1.4589280054637419        1.2152274348849993E-003  0.16871999999999865        4.8053368899871935E-004
  0.91015625000000000        1.4542550382408559        1.2561726847585778E-003  0.16730249999999855        4.8957948096487879E-004
  0.90625000000000000        1.4481041199697702        1.3385146101636881E-003  0.16520249999999836        4.6682485143706269E-004
  0.90234375000000000        1.4410544823711873        1.2788541609893009E-003  0.16392749999999842        5.0034451514750376E-004
  0.89843750000000000        1.4335196355980588        1.2902189903799973E-003  0.16254499999999836        5.1539898245051333E-004
  0.89453125000000000        1.4268853256273166        1.3522132674595600E-003  0.16075749999999828        4.9704245240718133E-004
  0.89062500000000000        1.4200409784795804        1.3861976153407454E-003  0.15913499999999828        4.9275585570678646E-004
  0.88671875000000000        1.4131706171912273        1.3879472337177249E-003  0.15776999999999827        4.3229304034096314E-004
  0.88281250000000000        1.4061466959275382        1.2440485270878861E-003  0.15564999999999837        5.2006458417885805E-004
  0.87890625000000000        1.4010540588049796        1.2261103437265154E-003  0.15487249999999833        4.3741514328582144E-004
  0.87500000000000000        1.3953839606541572        1.2320036374127100E-003  0.15357999999999841        4.8492267424798588E-004
  0.87109375000000000        1.3890197397362234        1.1330922589941990E-003  0.15227499999999844        4.5648387184270956E-004
  0.86718750000000000        1.3817003134723476        1.1844981592157859E-003  0.15053249999999849        4.7275058824605102E-004
  0.86328125000000000        1.3766878306061257        1.2259512530597568E-003  0.14959749999999855        4.3138979947465533E-004
  0.85937500000000000        1.3685895088277236        1.2055141987293710E-003  0.14787749999999855        4.6577966297873147E-004
  0.85546875000000000        1.3631101697662289        1.2944780298985244E-003  0.14537249999999877        4.6519648015777484E-004
  0.85156250000000000        1.3548811747329781        1.2750110910165256E-003  0.14424499999999868        4.8318937250015650E-004
  0.84765625000000000        1.3475384980693266        1.2980305518343167E-003  0.14217999999999884        4.3908019101448657E-004
  0.84375000000000000        1.3397497975188650        1.1220691934251191E-003  0.14066749999999892        4.3948223381411417E-004
  0.83984375000000000        1.3334772235860886        1.2387792945005888E-003  0.13976499999999889        3.8843476370766758E-004
  0.83593750000000000        1.3283437947059142        1.1471815544351327E-003  0.13781499999999899        5.0428241846783861E-004
  0.83203125000000000        1.3210931253721432        1.2243899059994488E-003  0.13648249999999906        4.0342997527384331E-004
  0.82812500000000000        1.3145596430769422        1.3257580852258965E-003  0.13548999999999914        4.5137164691222144E-004
  0.82421875000000000        1.3072057100144061        1.2170623355769457E-003  0.13354249999999918        4.7456858398876850E-004
  0.82031250000000000        1.2995675277738881        1.2542830565026872E-003  0.13160249999999926        4.8491245435013141E-004
  0.81640625000000000        1.2920721947870597        1.2574312903952957E-003  0.12998749999999937        4.5280237121030477E-004
  0.81250000000000000        1.2858742934672696        1.2568060523680334E-003  0.12872499999999940        4.7932638971650150E-004
  0.80859375000000000        1.2784398993703252        1.4034218137781290E-003  0.12780749999999944        4.8130261748286515E-004
  0.80468750000000000        1.2706489881819567        1.4272722854039850E-003  0.12600249999999955        4.3623004715423968E-004
  0.80078125000000000        1.2625075737400389        1.3978756786712234E-003  0.12376249999999957        4.5391638919938177E-004
  0.79687500000000000        1.2550454616459628        1.2768740744841865E-003  0.12225749999999963        4.5216168501311727E-004
  0.79296875000000000        1.2467895665329507        1.3644617129185911E-003  0.12002999999999973        4.3939926851519607E-004
  0.78906250000000000        1.2410583050098480        1.2466538723392409E-003  0.11827749999999977        4.3115558547804329E-004
  0.78515625000000000        1.2332305553481702        1.3465774457346465E-003  0.11628749999999982        4.7301385665313964E-004
  0.78125000000000000        1.2246468060238620        1.2846816009804058E-003  0.11500749999999989        4.3382045755585791E-004
  0.77734375000000000        1.2184327001174682        1.1589383795563763E-003  0.11379000000000002        4.2270951412654403E-004
  0.77343750000000000        1.2106126563257067        1.0898851593762794E-003  0.11207250000000002        3.9203391872943261E-004
  0.76953125000000000        1.2030541055623636        1.1143120049790683E-003  0.10975000000000010        3.9974739498585473E-004
  0.76562500000000000        1.1948126127962428        1.1326048149969082E-003  0.10819250000000018        4.2750826975278543E-004
  0.76171875000000000        1.1856293782334175        1.2208539061352274E-003  0.10582500000000028        3.8091297821110268E-004
  0.75781250000000000        1.1783649243708112        1.1421080397778435E-003  0.10536000000000030        3.5624514882381291E-004
  0.75390625000000000        1.1708053290242484        1.0506881921053140E-003  0.10314250000000035        3.6975720603415460E-004
  0.75000000000000000        1.1617597670685784        1.2040245390258007E-003  0.10203250000000046        4.3460848223219597E-004
  0.74609375000000000        1.1534454536261398        1.2111442520428900E-003   9.9767500000000536E-002   4.1896720960852782E-004
  0.74218750000000000        1.1473522989716656        1.1816627618285367E-003   9.8437500000000566E-002   4.0613003279168244E-004
  0.73828125000000000        1.1406499090844457        1.1313907847374286E-003   9.6980000000000649E-002   4.1549349993085611E-004
  0.73437500000000000        1.1322809352551300        1.0302204469073606E-003   9.5055000000000708E-002   4.1093911908694829E-004
  0.73046875000000000        1.1229560995241696        1.1159571728345276E-003   9.3007500000000742E-002   3.7010193449818604E-004
  0.72656250000000000        1.1149191620774461        1.1372960501363229E-003   9.0982500000000854E-002   3.7325782177359052E-004
  0.72265625000000000        1.1060942245843184        1.0389804273513675E-003   8.9595000000000938E-002   3.6530013950056707E-004
  0.71875000000000000        1.0973056204785363        1.1106175596782865E-003   8.7960000000000982E-002   3.7311343632148491E-004
  0.71484375000000000        1.0882832032483709        1.0600934223609336E-003   8.6450000000001068E-002   3.7157527072997931E-004
  0.71093750000000000        1.0787155506862314        1.2192383426587205E-003   8.4220000000001113E-002   3.5523288704782899E-004
  0.70703125000000000        1.0723627716960171        1.2228927528548303E-003   8.3207500000001142E-002   3.6090610925402144E-004
  0.70312500000000000        1.0638805356725378        1.1126105086574872E-003   8.1155000000001143E-002   3.7092533758231565E-004
  0.69921875000000000        1.0539609195307402        1.0684306718216367E-003   7.8455000000001135E-002   3.6773913404340182E-004
  0.69531250000000000        1.0472690443368813        1.1198088419940796E-003   7.7707500000001095E-002   3.1907091688214353E-004
  0.69140625000000000        1.0390444469388180        1.0416635715165519E-003   7.6117500000001059E-002   3.4118508188521956E-004
  0.68750000000000000        1.0307249874895397        1.2111136455150964E-003   7.4590000000001044E-002   3.6550297432765488E-004
  0.68359375000000000        1.0230966570277098        1.2516099147821618E-003   7.3372500000001006E-002   3.6655464886701979E-004
  0.67968750000000000        1.0137130855023302        1.2152657937834724E-003   7.1262500000000922E-002   3.3385139665797960E-004
  0.67578125000000000        1.0056483243130561        1.2010376112523580E-003   6.9910000000000846E-002   3.2197543666898228E-004
  0.67187500000000000       0.99672961323525822        1.1514611346636022E-003   6.8060000000000814E-002   3.2555546936942001E-004
  0.66796875000000000       0.98785127001635276        1.2123770197031347E-003   6.6662500000000721E-002   3.6309164535874692E-004
  0.66406250000000000       0.97981696324154299        1.3178877136700770E-003   6.5160000000000703E-002   3.8068120759787689E-004
  0.66015625000000000       0.97157693990463811        1.2248410474697603E-003   6.3537500000000635E-002   3.5043938869872834E-004
  0.65625000000000000       0.96268474392291037        1.2499596212417617E-003   6.1517500000000565E-002   3.2441195829825350E-004
  0.65234375000000000       0.95393976952222692        1.1524499081227470E-003   5.9967500000000500E-002   3.7153542661819957E-004
  0.64843750000000000       0.94574746091714668        1.2013796667288477E-003   5.8525000000000445E-002   3.6138587060759961E-004
  0.64453125000000000       0.93746315976251282        1.1674314814692623E-003   5.7415000000000431E-002   3.4359617770480995E-004
  0.64062500000000000       0.92829333415835846        1.1782530851685291E-003   5.5927500000000387E-002   3.5027577519273432E-004
  0.63671875000000000       0.92028025775714473        1.2603378479027641E-003   5.4170000000000308E-002   3.3127927734163487E-004
  0.63281250000000000       0.91129498341989201        1.2096653326248712E-003   5.2675000000000270E-002   3.4955780146591589E-004
  0.62890625000000000       0.90368198763596641        1.2502415145884209E-003   5.1510000000000222E-002   3.2860125970363396E-004
  0.62500000000000000       0.89507895926715553        1.0959827435000787E-003   4.9847500000000169E-002   3.1355921500277430E-004
  0.62109375000000000       0.88725953354826093        1.1866197785638361E-003   4.8657500000000145E-002   3.1584132875464696E-004
  0.61718750000000000       0.87966383562606243        1.1368647814426714E-003   4.7212500000000095E-002   3.1294412884375744E-004
  0.61328125000000000       0.87166769223828966        1.0546936133273141E-003   4.5937500000000069E-002   3.3370008233365403E-004
  0.60937500000000000       0.86223537715307541        1.0421637115865044E-003   4.4702500000000048E-002   2.9032581401385174E-004
  0.60546875000000000       0.85364710757801587        9.9275266128415543E-004   4.3129999999999995E-002   2.6003787602902267E-004
  0.60156250000000000       0.84585482976800364        1.0207068461384338E-003   4.2194999999999962E-002   2.7837869345495836E-004
  0.59765625000000000       0.83727590628553716        1.0435342154901952E-003   4.0979999999999947E-002   2.7392305193946296E-004
  0.59375000000000000       0.82984058723184784        1.0930267535008776E-003   3.9767499999999935E-002   2.8798005595222166E-004
  0.58984375000000000       0.82173040632544003        9.6375850545306601E-004   3.8407499999999914E-002   2.7097968073958083E-004
  0.58593750000000000       0.81333823419195272        1.0608736879087304E-003   3.7202499999999923E-002   2.8777040423841273E-004
  0.58203125000000000       0.80506078820338056        1.1135710680541546E-003   3.6004999999999912E-002   2.6026841234510806E-004
  0.57812500000000000       0.79748472460738240        1.1143968787844535E-003   3.4864999999999917E-002   2.6945558656539471E-004
  0.57421875000000000       0.78926583607054623        1.0928247030842211E-003   3.3739999999999909E-002   2.4602701666542399E-004
  0.57031250000000000       0.78121475939343099        1.0356189570576188E-003   3.3047499999999910E-002   2.4414080946962285E-004
  0.56640625000000000       0.77347775985168299        9.8349024563271952E-004   3.1759999999999920E-002   2.3674241212119735E-004
  0.56250000000000000       0.76574616626126124        9.8615134510406468E-004   3.1019999999999926E-002   2.5390087941095551E-004
  0.55859375000000000       0.75783087571826357        9.4092297485095307E-004   2.9747499999999937E-002   2.3576907787240453E-004
  0.55468750000000000       0.75040336004841934        9.0665442093330244E-004   2.8754999999999926E-002   2.3693060399854979E-004
  0.55078125000000000       0.74226186841860708        8.8337313372089125E-004   2.7867499999999962E-002   2.1151972351135642E-004
  0.54687500000000000       0.73435644743518080        8.3275650317703317E-004   2.6882499999999941E-002   2.0760341830742242E-004
  0.54296875000000000       0.72708377401885760        9.1089210175950767E-004   2.6034999999999940E-002   2.1990643097425652E-004
  0.53906250000000000       0.72038603158579162        8.6365674438437638E-004   2.5402499999999929E-002   2.2013239244151909E-004
  0.53515625000000000       0.71254116943829227        8.6494273438454086E-004   2.4442499999999954E-002   1.9331814856772371E-004
  0.53125000000000000       0.70572562124958760        8.3182716172905033E-004   2.3262499999999946E-002   1.8608048519310136E-004
  0.52734375000000000       0.69787206456735107        9.3221087112885465E-004   2.2699999999999939E-002   1.9276693416946116E-004
  0.52343750000000000       0.69099384195673619        9.8608892793717673E-004   2.2067499999999955E-002   1.9607431980983220E-004
  0.51953125000000000       0.68430478900896985        8.8147946241868820E-004   2.1337499999999961E-002   1.8847390168444969E-004
  0.51562500000000000       0.67696474213005109        9.1315204292087354E-004   2.0532499999999957E-002   1.8445438925970722E-004
  0.51171875000000000       0.66994834034398321        8.9894167546039779E-004   1.9799999999999963E-002   1.7837651700316383E-004
  0.50781250000000000       0.66304832416987092        8.0698171373463131E-004   1.9269999999999961E-002   1.7924786743445025E-004
  0.50390625000000000       0.65675262252160238        8.4803999237486813E-004   1.8734999999999963E-002   1.6722708808653122E-004
  0.50000000000000000       0.65058908982718922        8.5164544090722571E-004   1.8107499999999971E-002   1.7441297647719406E-004
  0.49609375000000000       0.64367483434516293        8.5717027981278371E-004   1.7534999999999978E-002   1.7338795759331394E-004
  0.49218750000000000       0.63641676491688048        8.1287838998937852E-004   1.6939999999999976E-002   1.6750244985393268E-004
  0.48828125000000000       0.62975547833894485        8.6118243455137974E-004   1.6354999999999977E-002   1.5891758234946142E-004
  0.48437500000000000       0.62305263378423437        8.8955752286420042E-004   1.5827499999999984E-002   1.5232603092369635E-004
  0.48046875000000000       0.61629349573522718        9.0585037697421165E-004   1.5399999999999980E-002   1.5075567228888396E-004
  0.47656250000000000       0.60969882721280400        7.4895113776752426E-004   1.4964999999999984E-002   1.4886014723337819E-004
  0.47265625000000000       0.60341353723991265        6.7044739770833373E-004   1.4557499999999987E-002   1.3747612281205012E-004
  0.46875000000000000       0.59694533040190334        6.1900302893618127E-004   1.4114999999999989E-002   1.3082006302126916E-004
  0.46484375000000000       0.59097368957461682        7.2719576703634951E-004   1.3757499999999999E-002   1.2917057667590195E-004
  0.46093750000000000       0.58449203320567922        7.2274206732597863E-004   1.3359999999999997E-002   1.3386824519170086E-004
  0.45703125000000000       0.57804175608836073        7.1975806866274869E-004   1.2994999999999994E-002   1.2717700224093088E-004
  0.45312500000000000       0.57196680858404958        7.2006832332095479E-004   1.2692499999999994E-002   1.2476518348522044E-004
  0.44921875000000000       0.56660596497636317        7.1964557538926909E-004   1.2352499999999995E-002   1.1886962342725192E-004
  0.44531250000000000       0.56046231358052800        7.1403136104980069E-004   1.1949999999999999E-002   1.1763666026534047E-004
  0.44140625000000000       0.55408757170464218        6.6874173867851076E-004   1.1605000000000001E-002   1.2186368440087828E-004
  0.43750000000000000       0.54843616562279440        6.3563783928772242E-004   1.1397500000000000E-002   1.2593563972734034E-004
  0.43359375000000000       0.54289056594531460        7.0585152363810137E-004   1.1085000000000001E-002   1.2014406335560202E-004
  0.42968750000000000       0.53751649388730405        7.7142194663797298E-004   1.0872500000000007E-002   1.2367964278894972E-004
  0.42578125000000000       0.53176651379655593        7.0010045114410595E-004   1.0580000000000004E-002   1.1848581724783682E-004
  0.42187500000000000       0.52557527064823173        6.6811519486389753E-004   1.0327500000000003E-002   1.0933078110472507E-004
  0.41796875000000000       0.52004327100497427        6.0226941770610181E-004   1.0140000000000007E-002   1.1051532185012067E-004
  0.41406250000000000       0.51543350254584674        6.2071565069070735E-004   9.9275000000000092E-003   1.1477332733116081E-004
  0.41015625000000000       0.50949554348123494        6.5282327961847656E-004   9.7800000000000057E-003   1.0584436831041216E-004
  0.40625000000000000       0.50401092904373801        6.1482989428519375E-004   9.5525000000000089E-003   1.0300381232524788E-004
  0.40234375000000000       0.49810322619429698        6.0760425616586150E-004   9.4175000000000057E-003   9.8026936619641125E-005
  0.39843750000000000       0.49296757545764164        5.6535430388579208E-004   9.2150000000000079E-003   9.7766729173754064E-005
  0.39453125000000000       0.48802096538969375        6.0619883001929349E-004   9.1525000000000113E-003   1.0174580873903251E-004
  0.39062500000000000       0.48177022417638243        6.0281288950920478E-004   8.9200000000000130E-003   9.4473554634366390E-005
  0.38671875000000000       0.47609719642975223        5.7893349475721784E-004   8.7575000000000135E-003   9.1110918637392731E-005
  0.38281250000000000       0.47042116095744474        5.7921610830338071E-004   8.6275000000000171E-003   9.4314043964237340E-005
  0.37890625000000000       0.46567417578013459        5.7195753482205893E-004   8.5075000000000133E-003   9.1249394629237051E-005
  0.37500000000000000       0.46109215578491997        5.7540124995131248E-004   8.4125000000000155E-003   8.9708774049220434E-005
  0.37109375000000000       0.45608244175524670        5.9017441905006456E-004   8.2600000000000191E-003   9.3400949533379516E-005
  0.36718750000000000       0.45097818939966072        5.9756633263173455E-004   8.1900000000000184E-003   8.7769786108517927E-005
  0.36328125000000000       0.44565905622483748        6.0324442140155922E-004   8.1025000000000142E-003   8.8055236911130385E-005
  0.35937500000000000       0.44061895622467229        5.6489743941997704E-004   7.9900000000000145E-003   8.6231424584423956E-005
  0.35546875000000000       0.43604275865938275        5.6005563053694888E-004   7.8750000000000209E-003   8.8441900120752703E-005
  0.35156250000000000       0.43116702288456848        5.3934553981501484E-004   7.8100000000000192E-003   9.0042077705791023E-005
  0.34765625000000000       0.42652035766906921        5.3200348888698295E-004   7.7550000000000223E-003   8.8261834986312339E-005
  0.34375000000000000       0.42160193870104107        5.4251758759867627E-004   7.6500000000000179E-003   8.6748213383636136E-005
  0.33984375000000000       0.41694820305645081        5.5509382020663708E-004   7.5750000000000210E-003   8.2991724061053551E-005
  0.33593750000000000       0.41230236187427594        5.8214794182855491E-004   7.5175000000000172E-003   8.2285457188054019E-005
  0.33203125000000000       0.40768542362833143        5.5135877314909211E-004   7.4125000000000198E-003   8.3210136207538830E-005
  0.32812500000000000       0.40293234230396968        5.2305723288442903E-004   7.3625000000000209E-003   8.0510915879510511E-005
  0.32421875000000000       0.39852255825813321        5.4635375382848148E-004   7.3225000000000182E-003   7.9319628941101379E-005
  0.32031250000000000       0.39363886120880764        5.1648444725202393E-004   7.2575000000000226E-003   7.9332362484509333E-005
  0.31640625000000000       0.38891184538579698        4.8055339758690713E-004   7.2100000000000245E-003   7.9591761413151907E-005
  0.31250000000000000       0.38415353002087455        5.0977667444652552E-004   7.1850000000000221E-003   7.8866656420501288E-005
  0.30859375000000000       0.37929257492445906        4.7992294700359862E-004   7.1350000000000224E-003   7.9170255102085278E-005
  0.30468750000000000       0.37431431749051497        5.0892561843767707E-004   7.0925000000000241E-003   7.7170200848448151E-005
  0.30078125000000000       0.36998694622877970        4.8059008964307706E-004   7.0375000000000229E-003   7.4736489944959546E-005
  0.29687500000000000       0.36564408867077042        4.9929327495292094E-004   6.9750000000000255E-003   7.3555105433636210E-005
  0.29296875000000000       0.36100660958319480        4.8757819693737148E-004   6.9350000000000253E-003   7.3822404964532244E-005
  0.28906250000000000       0.35633560889263000        4.9097329811230992E-004   6.8825000000000249E-003   7.3034428715350606E-005
  0.28515625000000000       0.35181261834629018        4.9598427322124260E-004   6.8450000000000255E-003   7.2105772475178822E-005
  0.28125000000000000       0.34733968280789512        4.9924271413346699E-004   6.8150000000000268E-003   7.2353997886092148E-005
  0.27734375000000000       0.34285072353980944        4.7681096362719809E-004   6.7925000000000259E-003   7.0804807090131322E-005
  0.27343750000000000       0.33812426514375771        4.8032390017433275E-004   6.7575000000000248E-003   7.1018474620156575E-005
  0.26953125000000000       0.33398756218194892        4.6523354979485277E-004   6.7175000000000273E-003   7.1919480088230455E-005
  0.26562500000000000       0.32953860891409259        4.6079837323544033E-004   6.6900000000000267E-003   7.2310358032495352E-005
  0.26171875000000000       0.32514425093601756        4.2464068961287792E-004   6.6525000000000264E-003   7.3245039822405648E-005
  0.25781250000000000       0.32061177491454890        4.2407229611913686E-004   6.6150000000000262E-003   7.3462352070412452E-005
  0.25390625000000000       0.31631710882865255        3.7506343515960683E-004   6.5875000000000239E-003   7.4567354814561798E-005
  0.25000000000000000       0.31220617558087843        3.7123641429127630E-004   6.5550000000000287E-003   7.3476100697691124E-005
  0.24609375000000000       0.30758679994199978        3.6011879820200589E-004   6.5400000000000267E-003   7.4087035902976187E-005
  0.24218750000000000       0.30360408810175404        3.6723169945527200E-004   6.5275000000000246E-003   7.4864777088328452E-005
  0.23828125000000000       0.29917154672819701        3.6048961816682846E-004   6.4875000000000245E-003   7.4482643222527958E-005
  0.23437500000000000       0.29476435416460200        3.7071469595787072E-004   6.4725000000000242E-003   7.4949056772660971E-005
  0.23046875000000000       0.29033658801671103        3.5978920343583519E-004   6.4350000000000275E-003   7.2875637807559733E-005
  0.22656250000000000       0.28598759269334889        3.6415462565638678E-004   6.4050000000000287E-003   7.1754702798751491E-005
  0.22265625000000000       0.28179809748591311        3.4275637983243753E-004   6.3875000000000294E-003   7.1454495656289921E-005
  0.21875000000000000       0.27760058153648642        3.5319375839279048E-004   6.3800000000000280E-003   7.1816263879261993E-005
  0.21484375000000000       0.27333009882132553        3.4173869654979794E-004   6.3525000000000283E-003   7.0450838938018127E-005
  0.21093750000000000       0.26903719376242941        3.3792319783268568E-004   6.3350000000000298E-003   6.9469490432922214E-005
  0.20703125000000000       0.26492175250834032        3.1980482997866525E-004   6.3150000000000298E-003   6.9414943228631034E-005
  0.20312500000000000       0.26068598024025674        3.1312447722449979E-004   6.2950000000000297E-003   7.0565894414691317E-005
  0.19921875000000000       0.25667650411591808        3.3623405531466277E-004   6.2850000000000293E-003   6.9632875667584423E-005
  0.19531250000000000       0.25250500249477748        3.5714939153281736E-004   6.2750000000000297E-003   7.0487121826856726E-005
  0.19140625000000000       0.24836183129101136        3.6262013560500798E-004   6.2650000000000310E-003   6.9886271249012822E-005
  0.18750000000000000       0.24419917162845850        3.6252863716300799E-004   6.2450000000000309E-003   6.9990980659918951E-005
  0.18359375000000000       0.24029020841113621        3.5457231389420451E-004   6.2300000000000307E-003   7.0413640781318026E-005
  0.17968750000000000       0.23624294995132555        3.5309729339664381E-004   6.2150000000000295E-003   7.0712463719294121E-005
  0.17578125000000000       0.23229100489221166        3.5903178219692604E-004   6.2100000000000297E-003   7.0417227001535977E-005
  0.17187500000000000       0.22821601126650198        3.4812842545355120E-004   6.2025000000000309E-003   7.1039806027352646E-005
  0.16796875000000000       0.22408010055869665        3.5850128149706118E-004   6.1900000000000314E-003   7.1520287437560210E-005
  0.16406250000000000       0.22018115185988535        3.4524404008865573E-004   6.1825000000000309E-003   7.1320074525360629E-005
  0.16015625000000000       0.21595149089083623        3.7322061739567420E-004   6.1675000000000315E-003   7.1160563218510556E-005
  0.15625000000000000       0.21204654488911637        3.7975196186090739E-004   6.1550000000000302E-003   7.0601671082176507E-005
  0.15234375000000000       0.20799197523319499        3.5925900531176281E-004   6.1325000000000294E-003   7.0303724199814776E-005
  0.14843750000000000       0.20409311627217652        3.7024831222625608E-004   6.1225000000000298E-003   7.0037417849245731E-005
  0.14453125000000000       0.20014341433176017        3.4849631922554563E-004   6.1125000000000294E-003   7.0296539995603821E-005
  0.14062500000000000       0.19641992634823077        3.4663783797868211E-004   6.1100000000000286E-003   7.0291600429277053E-005
  0.13671875000000000       0.19260384951910073        3.3756524965397990E-004   6.1050000000000279E-003   6.9918784054333398E-005
  0.13281250000000000       0.18861547639951923        3.2179084522512250E-004   6.0925000000000284E-003   6.9599775774630755E-005
  0.12890625000000000       0.18461005824477619        3.2545213482613897E-004   6.0850000000000279E-003   7.0192736105813221E-005
  0.12500000000000000       0.18071979232462076        3.3313489723827024E-004   6.0825000000000289E-003   7.0267795833605271E-005
  0.12109375000000000       0.17693077624971501        3.3372072748253572E-004   6.0800000000000290E-003   7.0252071395464835E-005
  0.11718750000000000       0.17311565955697644        3.3321108752231723E-004   6.0775000000000299E-003   7.0145501738466949E-005
  0.11328125000000000       0.16925591690357400        3.2804257504737741E-004   6.0725000000000293E-003   7.0379114067809260E-005
  0.10937500000000000       0.16555899145615485        3.1880931073464578E-004   6.0625000000000297E-003   7.0296539995604444E-005
  0.10546875000000000       0.16176030756639567        3.3134942152449531E-004   6.0550000000000300E-003   6.9954891670896707E-005
  0.10156250000000000       0.15799687662171580        3.3021769772835079E-004   6.0450000000000304E-003   6.9846512823013121E-005
   9.7656250000000000E-002  0.15424087383015370        3.2100928092791280E-004   6.0300000000000310E-003   6.9565752632986359E-005
   9.3750000000000000E-002  0.15042515953271729        3.0740307507657049E-004   6.0225000000000304E-003   6.9276109106452909E-005
   8.9843750000000000E-002  0.14671888333562316        3.0415502029717487E-004   6.0200000000000305E-003   6.9511280968041143E-005
   8.5937500000000000E-002  0.14294919709973630        2.9950383090828988E-004   6.0150000000000316E-003   6.9614740689109101E-005
   8.2031250000000000E-002  0.13930799782839526        2.9601087266608347E-004   6.0075000000000302E-003   6.9672302947295633E-005
   7.8125000000000000E-002  0.13569628704697689        3.0606794186185921E-004   6.0000000000000296E-003   6.8901921217588753E-005
   7.4218750000000000E-002  0.13212513587890146        3.0346915942077921E-004   5.9950000000000307E-003   6.9265628364487201E-005
   7.0312500000000000E-002  0.12858756042534852        3.0064113070626074E-004   5.9900000000000300E-003   6.9260159521688106E-005
   6.6406250000000000E-002  0.12506843717472255        2.9335482898456503E-004   5.9850000000000311E-003   6.9705368400419014E-005
   6.2500000000000000E-002  0.12155416636479047        2.9122743741270726E-004   5.9700000000000317E-003   6.9927812706381830E-005
   5.8593750000000000E-002  0.11814054345543613        2.9315105423193390E-004   5.9675000000000318E-003   7.0141901625463666E-005
   5.4687500000000000E-002  0.11470241408705897        2.9610973175200222E-004   5.9650000000000336E-003   7.0264651227490259E-005
   5.0781250000000000E-002  0.11138470100977163        2.9779898321483534E-004   5.9625000000000329E-003   7.0206675414286252E-005
   4.6875000000000000E-002  0.10802090371413983        3.0518990982234255E-004   5.9625000000000329E-003   7.0206675414286252E-005
   4.2968750000000000E-002  0.10471948344122811        3.0907057474224782E-004   5.9625000000000320E-003   7.0206675414288122E-005
   3.9062500000000000E-002  0.10141471992313837        3.0864551150012575E-004   5.9600000000000338E-003   7.0417227001533497E-005
   3.5156250000000000E-002   9.8194755882898388E-002   3.0924098304782393E-004   5.9575000000000313E-003   7.0357582348595376E-005
   3.1250000000000000E-002   9.5013310987297289E-002   3.0309036988270639E-004   5.9525000000000307E-003   6.9965269161840926E-005
   2.7343750000000000E-002   9.1857352344862087E-002   3.0386013932223033E-004   5.9525000000000324E-003   6.9965269161839991E-005
   2.3437500000000000E-002   8.8845865431678883E-002   3.0424092564263540E-004   5.9500000000000317E-003   6.9721668877839000E-005
   1.9531250000000000E-002   8.5907186220627416E-002   3.0002657485025161E-004   5.9475000000000309E-003   6.9476305822252000E-005
   1.5625000000000000E-002   8.3031875648796383E-002   2.9815008116491069E-004   5.9425000000000320E-003   6.9708538236217319E-005
   1.1718750000000000E-002   8.0237004608785412E-002   2.9467601582972746E-004   5.9400000000000312E-003   6.9460402206922067E-005
   7.8125000000000000E-003   7.7543688817516179E-002   2.9078556959794948E-004   5.9400000000000321E-003   6.9460402206921105E-005
   3.9062500000000000E-003   7.4977205695386323E-002   2.8951373276115474E-004   5.9325000000000315E-003   6.8428887366832320E-005
   0.0000000000000000        7.2563780186015364E-002   2.8812578648821003E-004   5.9325000000000315E-003   6.8428887366831995E-005
