   1.0000000000000000        1.5730435831733209        1.3142552626145831E-003  0.19505500000000128        5.1853985946983248E-004
  0.99218750000000000        1.5699770019388839        1.1313667509630443E-003  0.19399000000000130        5.0936829564289174E-004
  0.98437500000000000        1.5636635513789241        1.0980448458756810E-003  0.19328000000000131        5.2149842383310545E-004
  0.97656250000000000        1.5572517316278265        1.3041134236268920E-003  0.19138750000000090        4.7534377512053089E-004
  0.96875000000000000        1.5496310371238562        1.3382471868850867E-003  0.19038000000000094        5.2020392271890747E-004
  0.96093750000000000        1.5389154436883654        1.2151977851497507E-003  0.18731500000000062        5.2162358230441901E-004
  0.95312500000000000        1.5280636016947553        1.2182207570667137E-003  0.18489000000000036        5.1363135780143688E-004
  0.94531250000000000        1.5191553944032661        1.1227819385387426E-003  0.18242999999999998        4.4200358790108893E-004
  0.93750000000000000        1.5087935797258194        1.2138090013053228E-003  0.18044999999999992        5.4296464531342385E-004
  0.92968750000000000        1.4982340212921914        1.2683345508831612E-003  0.17798999999999959        4.6309400838932206E-004
  0.92187500000000000        1.4870308303188353        1.1115912925822335E-003  0.17556249999999937        4.3330965844398531E-004
  0.91406250000000000        1.4754164528514671        1.0848563250666957E-003  0.17291749999999909        4.8997597086004223E-004
  0.90625000000000000        1.4617576088448985        1.2053759280747061E-003  0.16945999999999867        4.4298288723620949E-004
  0.89843750000000000        1.4517835551926526        1.3306849313620933E-003  0.16737499999999855        5.0182117825930202E-004
  0.89062500000000000        1.4383336892511580        1.2359042701584431E-003  0.16490249999999837        4.7467286714970457E-004
  0.88281250000000000        1.4274285748311428        1.1417011474744812E-003  0.16145749999999834        5.1454911860228662E-004
  0.87500000000000000        1.4156248418762265        1.1997270231638702E-003  0.15886999999999818        4.6053164271267098E-004
  0.86718750000000000        1.4028721515667348        1.0898790734064794E-003  0.15642249999999830        4.3245387154022634E-004
  0.85937500000000000        1.3905293047021186        1.0550499793299016E-003  0.15294999999999839        4.5019636568604919E-004
  0.85156250000000000        1.3768052219731461        9.9471676346489816E-004  0.14975249999999857        4.1737054183524228E-004
  0.84375000000000000        1.3644173465680018        1.1419309013377369E-003  0.14770999999999865        4.7679379529549633E-004
  0.83593750000000000        1.3518749770840579        1.0677142028979758E-003  0.14518249999999874        4.2466348828532855E-004
  0.82812500000000000        1.3384174570892924        1.1830694166602913E-003  0.14138749999999889        4.6395825254102227E-004
  0.82031250000000000        1.3252401811220951        1.1532429115136708E-003  0.13837749999999899        4.1274663578694281E-004
  0.81250000000000000        1.3128073439343633        1.2564660413896293E-003  0.13501999999999909        4.2595229021024169E-004
  0.80468750000000000        1.2983924623517153        1.2521693976612258E-003  0.13283749999999914        4.1019789200606456E-004
  0.79687500000000000        1.2847334534254207        1.3031667273067963E-003  0.12899249999999937        4.4969763972226088E-004
  0.78906250000000000        1.2708739978469474        1.2299299736149216E-003  0.12648249999999941        4.7668169874592718E-004
  0.78125000000000000        1.2561005059618469        1.2470429346095027E-003  0.12338499999999952        4.8654133919694853E-004
  0.77343750000000000        1.2418775025349151        1.0877731498867504E-003  0.12055749999999964        3.6848473167136074E-004
  0.76562500000000000        1.2279937277885542        1.1789460454385088E-003  0.11743499999999987        4.2605513703959143E-004
  0.75781250000000000        1.2125756373708458        1.1234304110696125E-003  0.11450499999999993        4.2628267521907504E-004
  0.75000000000000000        1.1992208155823156        1.1277686553740130E-003  0.11148750000000007        4.1193334203821276E-004
  0.74218750000000000        1.1847274346958034        1.2186087138192040E-003  0.10834750000000021        4.2725774339705648E-004
  0.73437500000000000        1.1696621083002952        1.1676015420441477E-003  0.10551250000000026        4.1608102782651426E-004
  0.72656250000000000        1.1549661272225380        1.2401180399956523E-003  0.10189750000000045        4.0520750077802342E-004
  0.71875000000000000        1.1399282964057975        1.1163981961125136E-003   9.9402500000000504E-002   4.1499505595210334E-004
  0.71093750000000000        1.1262294870539207        1.0631797088861885E-003   9.5927500000000693E-002   3.7676009500987303E-004
  0.70312500000000000        1.1111375191334445        1.1275699080620187E-003   9.2805000000000762E-002   3.7212839915088612E-004
  0.69531250000000000        1.0951850619903185        1.1485193412611022E-003   9.0160000000000837E-002   4.0721894937169583E-004
  0.68750000000000000        1.0801900454441831        1.2527216953945792E-003   8.7085000000001023E-002   3.7448988873883625E-004
  0.67968750000000000        1.0649471252875400        1.2562901575199057E-003   8.4140000000001117E-002   3.4300955607030403E-004
  0.67187500000000000        1.0492995109983310        1.1676914050637575E-003   8.1130000000001146E-002   3.8034872356180305E-004
  0.66406250000000000        1.0331415955206595        1.0785461251703139E-003   7.7940000000001119E-002   3.4784909069731452E-004
  0.65625000000000000        1.0174440642283873        1.1084563395616382E-003   7.5180000000001052E-002   3.7178045547160791E-004
  0.64843750000000000        1.0029750115308662        1.0858896394150860E-003   7.2177500000000963E-002   3.5567717104132188E-004
  0.64062500000000000       0.98758140841599085        1.1836929728334367E-003   6.9335000000000868E-002   3.6246246757974963E-004
  0.63281250000000000       0.97089203245721567        1.1968915687977266E-003   6.6510000000000749E-002   3.3844415262261775E-004
  0.62500000000000000       0.95535287820571524        1.1097106246233809E-003   6.3892500000000629E-002   3.2635217932401909E-004
  0.61718750000000000       0.93964901079913776        1.0952653801811661E-003   6.1107500000000557E-002   3.4256635057382728E-004
  0.60937500000000000       0.92399528542635934        1.1373896022463922E-003   5.8410000000000448E-002   3.2507807919913187E-004
  0.60156250000000000       0.90916644791355339        1.0443842197718329E-003   5.6145000000000368E-002   2.7590942372641920E-004
  0.59375000000000000       0.89419110037962857        9.7436138751560227E-004   5.3685000000000288E-002   2.5909272549430438E-004
  0.58593750000000000       0.87942722829327935        9.5990772799155449E-004   5.1497500000000224E-002   2.6103172820811772E-004
  0.57812500000000000       0.86382765693349894        1.0250094226675543E-003   4.9770000000000154E-002   2.9692617182590017E-004
  0.57031250000000000       0.84913309928522362        1.0488789846557147E-003   4.7632500000000091E-002   2.5764706009536066E-004
  0.56250000000000000       0.83321644161631880        1.0261305252037100E-003   4.5070000000000041E-002   2.5338815196364155E-004
  0.55468750000000000       0.81739873032729204        1.0158912070832356E-003   4.3007499999999962E-002   2.5054120711901732E-004
  0.54687500000000000       0.80292654460689816        9.9305455524381224E-004   4.0977499999999924E-002   2.4183888847701049E-004
  0.53906250000000000       0.78836837390610204        1.0122417524447780E-003   3.8919999999999920E-002   2.2013196225916513E-004
  0.53125000000000000       0.77499253285245762        9.4311870738333166E-004   3.6957499999999886E-002   2.1520647238777095E-004
  0.52343750000000000       0.76023685176246392        8.8153809818262660E-004   3.5364999999999897E-002   2.2460459083070602E-004
  0.51562500000000000       0.74556330396229920        9.0003369476579866E-004   3.3642499999999929E-002   2.4539328874604758E-004
  0.50781250000000000       0.73161032092230471        9.7732604116866195E-004   3.2139999999999926E-002   2.1847497140704304E-004
  0.50000000000000000       0.71783447402351652        9.4047015587401801E-004   3.0639999999999938E-002   2.1356521488784128E-004
  0.49218750000000000       0.70440008502460438        1.0178864271348147E-003   2.9452499999999934E-002   2.1871684452918892E-004
  0.48437500000000000       0.69100300855835473        9.2199673207973962E-004   2.8269999999999927E-002   2.0553207619112196E-004
  0.47656250000000000       0.67769772159389507        8.6545207271661144E-004   2.6849999999999933E-002   1.8681271342977157E-004
  0.46875000000000000       0.66557841114386374        9.0417451515308685E-004   2.5912499999999946E-002   1.8780278582500312E-004
  0.46093750000000000       0.65271775075012040        8.0061648157295109E-004   2.4704999999999949E-002   1.7828376541373722E-004
  0.45312500000000000       0.64033186963561550        7.7128012415513187E-004   2.3724999999999948E-002   1.6841882017726195E-004
  0.44531250000000000       0.62787000443653473        7.3251241907900148E-004   2.2729999999999959E-002   1.6390438207883042E-004
  0.43750000000000000       0.61575994618981245        7.0743677661578024E-004   2.1962499999999954E-002   1.5740858337845153E-004
  0.42968750000000000       0.60355983560423720        6.8487078773161146E-004   2.1272499999999962E-002   1.6217800265588264E-004
  0.42187500000000000       0.59167196266729549        6.9751781941282235E-004   2.0442499999999964E-002   1.5162649318091530E-004
  0.41406250000000000       0.58009046171211798        6.6806663576724694E-004   1.9792499999999963E-002   1.5337347136050303E-004
  0.40625000000000000       0.56860899661507180        6.4434571501661411E-004   1.9104999999999962E-002   1.5820090155408486E-004
  0.39843750000000000       0.55698206696320685        6.3739525030104456E-004   1.8614999999999972E-002   1.4819707735772028E-004
  0.39062500000000000       0.54556864390075321        6.5768364004906827E-004   1.8082499999999974E-002   1.4306595039216400E-004
  0.38281250000000000       0.53435904402536938        6.1288320419291924E-004   1.7649999999999975E-002   1.4016584693306200E-004
  0.37500000000000000       0.52326638473556653        6.0653736266077043E-004   1.7194999999999971E-002   1.3887989869893182E-004
  0.36718750000000000       0.51294772223915519        6.0348773669667880E-004   1.6794999999999973E-002   1.4496516474621829E-004
  0.35937500000000000       0.50179261021096566        6.3841594512609743E-004   1.6419999999999976E-002   1.4363076961360676E-004
  0.35156250000000000       0.49166207835909104        6.2894991778671757E-004   1.6059999999999974E-002   1.3949403520791489E-004
  0.34375000000000000       0.48144317575207018        5.8858369444053876E-004   1.5724999999999986E-002   1.3034046326307981E-004
  0.33593750000000000       0.47132606898473201        5.9255293232093810E-004   1.5412499999999978E-002   1.2803758720537759E-004
  0.32812500000000000       0.46120039089312420        5.6868209531058726E-004   1.5082499999999974E-002   1.2963892162464567E-004
  0.32031250000000000       0.45116422688289687        5.6173185869065156E-004   1.4902499999999978E-002   1.3389535903726826E-004
  0.31250000000000000       0.44131831993981285        6.0784909419384406E-004   1.4662499999999981E-002   1.3211445718762610E-004
  0.30468750000000000       0.43151461758518922        5.9794339521798679E-004   1.4479999999999986E-002   1.3212903090570774E-004
  0.29687500000000000       0.42233054787593494        5.5914161961107521E-004   1.4272499999999987E-002   1.2841767201148476E-004
  0.28906250000000000       0.41285437952537984        5.5680204202562572E-004   1.4072499999999996E-002   1.2753960565290765E-004
  0.28125000000000000       0.40350994568158799        5.4736163869426664E-004   1.3879999999999990E-002   1.2615526748872445E-004
  0.27343750000000000       0.39488219304788591        5.5819400218332885E-004   1.3699999999999995E-002   1.3075151852256925E-004
  0.26562500000000000       0.38596106427387539        5.6984238439994252E-004   1.3574999999999993E-002   1.2735161696434213E-004
  0.25781250000000000       0.37702243523308498        5.8609645519318407E-004   1.3467499999999997E-002   1.2819921169330659E-004
  0.25000000000000000       0.36812880085205324        5.7810379384912018E-004   1.3305000000000001E-002   1.2398985784523665E-004
  0.24218750000000000       0.35907780997046418        5.7335619232530826E-004   1.3159999999999998E-002   1.2141422544913118E-004
  0.23437500000000000       0.35030435813502458        5.4847128254093143E-004   1.3049999999999999E-002   1.2128312314413287E-004
  0.22656250000000000       0.34155132635529006        5.4136174443199280E-004   1.2932499999999993E-002   1.2085840910133313E-004
  0.21875000000000000       0.33291476364995254        5.1441222112704659E-004   1.2832500000000000E-002   1.1758593461889930E-004
  0.21093750000000000       0.32457684328704017        5.1204150808940559E-004   1.2740000000000000E-002   1.1606555096673047E-004
  0.20312500000000000       0.31608293825981670        5.1516821999268952E-004   1.2647499999999999E-002   1.1387875663230711E-004
  0.19531250000000000       0.30733961438222451        5.1224129649000776E-004   1.2585000000000004E-002   1.1564596793225345E-004
  0.18750000000000000       0.29898985851561588        5.1344904663834512E-004   1.2485000000000001E-002   1.1441661424880550E-004
  0.17968750000000000       0.29106701126909873        5.0324366240731531E-004   1.2417499999999995E-002   1.1459497186071352E-004
  0.17187500000000000       0.28303932735757281        4.9059186900668906E-004   1.2339999999999997E-002   1.1390231504994565E-004
  0.16406250000000000       0.27505923089467066        4.5541792227856841E-004   1.2262499999999994E-002   1.1182457175632461E-004
  0.15625000000000000       0.26722407920481239        4.7640129396452692E-004   1.2222499999999994E-002   1.1191035147687278E-004
  0.14843750000000000       0.25944505828894804        4.8285597753994994E-004   1.2162499999999996E-002   1.1154193621841740E-004
  0.14062500000000000       0.25177562867416470        4.6140415083937127E-004   1.2099999999999998E-002   1.1129404133359256E-004
  0.13281250000000000       0.24401631821741188        4.6679175782790930E-004   1.2042499999999996E-002   1.1038585905263469E-004
  0.12500000000000000       0.23622984565827501        4.4805560634008447E-004   1.1984999999999992E-002   1.1054388040479964E-004
  0.11718750000000000       0.22868538833973304        4.5948508568367986E-004   1.1939999999999996E-002   1.1016058067818253E-004
  0.10937500000000000       0.22120261997750837        4.4693005525232458E-004   1.1889999999999998E-002   1.1085753893801612E-004
  0.10156250000000000       0.21369519851641072        4.4051726545344522E-004   1.1867499999999998E-002   1.1040873327702958E-004
   9.3750000000000000E-002  0.20634550655541900        4.3486656753305848E-004   1.1829999999999999E-002   1.1020412648784584E-004
   8.5937500000000000E-002  0.19909502267201978        4.3709103490502041E-004   1.1802500000000002E-002   1.0872859129803455E-004
   7.8125000000000000E-002  0.19194816523553843        4.3681824899988381E-004   1.1782500000000000E-002   1.0840062012942443E-004
   7.0312500000000000E-002  0.18503551886818065        4.2451128949856079E-004   1.1765000000000001E-002   1.0910679598123959E-004
   6.2500000000000000E-002  0.17812113286138179        4.2296213518417617E-004   1.1739999999999997E-002   1.0835780609358043E-004
   5.4687500000000000E-002  0.17138556047012746        4.2044692023917376E-004   1.1717499999999997E-002   1.0805062178760091E-004
   4.6875000000000000E-002  0.16466916030939394        4.0779874362643448E-004   1.1694999999999997E-002   1.0716620717183298E-004
   3.9062500000000000E-002  0.15815173344907399        4.0643345826680156E-004   1.1679999999999998E-002   1.0666429921615238E-004
   3.1250000000000000E-002  0.15186358656025495        3.9990751737666161E-004   1.1662499999999998E-002   1.0614782669047585E-004
   2.3437500000000000E-002  0.14576076864428722        3.9633385811497113E-004   1.1652499999999996E-002   1.0605976731270346E-004
   1.5625000000000000E-002  0.13978249538142998        3.9772688314173275E-004   1.1639999999999998E-002   1.0673766576485368E-004
   7.8125000000000000E-003  0.13401083734349561        3.9960375283429209E-004   1.1629999999999996E-002   1.0627294761104519E-004
   0.0000000000000000       0.13401083734345851        3.9960375283333788E-004   1.1629999999999996E-002   1.0627294761104519E-004
