   1.0000000000000000        1.5762463712266876        1.2293931362290481E-003  0.19530750000000147        5.2498021848230590E-004
  0.49902343750000000        1.3321015464390411        1.0542604436112346E-003  0.15165749999999847        4.2314143527003619E-004
  0.33203125000000000        1.1284086165497980        1.0133546007722314E-003  0.11693999999999986        4.0770855108302319E-004
  0.24853515625000000       0.97199618554470257        1.0377551889526901E-003   9.3555000000000721E-002   3.2558378027762306E-004
  0.19843749999999999       0.84940622563975698        8.9612088394988630E-004   7.7890000000001139E-002   2.7810051957853513E-004
  0.16503906250000000       0.75147947032654028        8.4457376628314668E-004   6.6617500000000746E-002   2.6997135556999856E-004
  0.14118303571428573       0.67257981652693999        7.8711234704974243E-004   5.9270000000000510E-002   2.7772251975632928E-004
  0.12329101562500000       0.60760973418535424        7.9235452111314200E-004   5.4027500000000304E-002   2.7633731309053173E-004
  0.10937500000000000       0.55390125017904213        7.4470132585335099E-004   4.9957500000000189E-002   2.5480372224260227E-004
   9.8242187499999994E-002  0.50905920454635645        7.2329766179023776E-004   4.6845000000000095E-002   2.4707327257353329E-004
   8.9133522727272721E-002  0.47091445179344471        7.2709767425536390E-004   4.4457500000000018E-002   2.3714566869712764E-004
   8.1542968750000000E-002  0.43812859318427660        7.4770790846299755E-004   4.2562499999999955E-002   2.2522085120648105E-004
   7.5120192307692304E-002  0.41000051558936207        7.4175064814286913E-004   4.1072499999999935E-002   2.2386907135892329E-004
   6.9614955357142863E-002  0.38586866580145701        7.1043851937501465E-004   3.9742499999999917E-002   2.1592106559032462E-004
   6.4843750000000006E-002  0.36467672811707830        7.0986339352327791E-004   3.8704999999999906E-002   2.1229208485698311E-004
   6.0668945312500000E-002  0.34597902808608161        6.9013192445403835E-004   3.7729999999999909E-002   2.1179487884996601E-004
   5.6985294117647058E-002  0.32942208670545570        7.0378260713679778E-004   3.6962499999999919E-002   2.0977907450696231E-004
   5.3710937500000000E-002  0.31470890635873267        7.0200972816486062E-004   3.6202499999999894E-002   2.0027427531648132E-004
   5.0781250000000000E-002  0.30150472321698613        6.9480239001185550E-004   3.5517499999999917E-002   1.9883673699743403E-004
   4.8144531249999997E-002  0.28967943104699162        6.8582229484403438E-004   3.5012499999999898E-002   1.9695840585353354E-004
   4.5758928571428568E-002  0.27906742614448388        6.8574892818616001E-004   3.4557499999999894E-002   1.9452269349059753E-004
   4.3590198863636360E-002  0.26949077018202133        6.8882593803985619E-004   3.4117499999999919E-002   1.8954540912721594E-004
   4.1610054347826088E-002  0.26080232348558552        6.9796347216203442E-004   3.3702499999999920E-002   1.8814938053029120E-004
   3.9794921875000000E-002  0.25283500153176752        6.9477429121613042E-004   3.3399999999999930E-002   1.9279968146163179E-004
   3.8124999999999999E-002  0.24562711955829455        6.8708317625927454E-004   3.3122499999999923E-002   1.9343698240411071E-004
   3.6583533653846152E-002  0.23898189418938615        6.9560166661188029E-004   3.2832499999999910E-002   1.8876442349066112E-004
   3.5156250000000000E-002  0.23287163754904999        6.9111484346491407E-004   3.2559999999999915E-002   1.9076269037839996E-004
   3.3830915178571432E-002  0.22735800529873068        6.9218265102271312E-004   3.2334999999999912E-002   1.9152563981637350E-004
   3.2596982758620691E-002  0.22211804392267204        6.8798616399280861E-004   3.2097499999999918E-002   1.8832377959142384E-004
   3.1445312500000003E-002  0.21732910570921607        6.8440145883330572E-004   3.1894999999999916E-002   1.8876860400656874E-004
   3.0367943548387094E-002  0.21279422891717550        6.8960418042178658E-004   3.1717499999999905E-002   1.9031655580676210E-004
   2.9357910156250000E-002  0.20870177281113633        6.8538920431258129E-004   3.1559999999999921E-002   1.8782782788843847E-004
   2.8409090909090908E-002  0.20481128945244387        6.8409533759106373E-004   3.1374999999999924E-002   1.8472269689313387E-004
   2.7516084558823529E-002  0.20119921714960687        6.7773331080456906E-004   3.1219999999999918E-002   1.8268756792608085E-004
   2.6674107142857142E-002  0.19783631552604292        6.7916641269181175E-004   3.1089999999999923E-002   1.8304108938715691E-004
   2.5878906250000000E-002  0.19463022916851094        6.7358249906059064E-004   3.0957499999999926E-002   1.8391968904986881E-004
   2.5126689189189189E-002  0.19163379794708343        6.7004054118583465E-004   3.0867499999999923E-002   1.8314229026865180E-004
   2.4414062500000000E-002  0.18882762663434297        6.6782224560689267E-004   3.0762499999999925E-002   1.8351832952794175E-004
   2.3737980769230768E-002  0.18618943811817334        6.6719461188822615E-004   3.0657499999999935E-002   1.7991492798853984E-004
   2.3095703124999999E-002  0.18373310307251553        6.6607668971365656E-004   3.0562499999999927E-002   1.8137295550851081E-004
   2.2484756097560975E-002  0.18141717870120111        6.6450013434940069E-004   3.0469999999999928E-002   1.7990176893138148E-004
   2.1902901785714284E-002  0.17920478081319563        6.6605019201679088E-004   3.0414999999999925E-002   1.7831350781896603E-004
   2.1348110465116279E-002  0.17710162224376957        6.6147487026398349E-004   3.0307499999999918E-002   1.7783969486791674E-004
   2.0818536931818180E-002  0.17508592210065474        6.5613207142177347E-004   3.0237499999999928E-002   1.8071040368500529E-004
   2.0312500000000001E-002  0.17314784159791380        6.5678452980457791E-004   3.0134999999999933E-002   1.8099123813826982E-004
   1.9828464673913044E-002  0.17136906382091091        6.5664689411776929E-004   3.0049999999999931E-002   1.7950549357115009E-004
   1.9365026595744680E-002  0.16962982714069683        6.5497578947234744E-004   2.9982499999999929E-002   1.7891560986830563E-004
   1.8920898437500000E-002  0.16797463165447651        6.5368364122818075E-004   2.9917499999999930E-002   1.8006925575646843E-004
   1.8494897959183673E-002  0.16638795398113870        6.5292232723454773E-004   2.9877499999999932E-002   1.8134232235964606E-004
   1.8085937500000000E-002  0.16491190910620301        6.5299262375338686E-004   2.9829999999999933E-002   1.7995790753630187E-004
   1.7693014705882353E-002  0.16351519215429972        6.5593232744681686E-004   2.9777499999999943E-002   1.8097292475654402E-004
   1.7315204326923076E-002  0.16215072324734214        6.5735485236119396E-004   2.9717499999999931E-002   1.8179988859992914E-004
   1.6951650943396228E-002  0.16086428392857260        6.6011899091258301E-004   2.9687499999999936E-002   1.8140775962597263E-004
   1.6601562500000000E-002  0.15964196228664781        6.5844350752990372E-004   2.9642499999999936E-002   1.8265214358321891E-004
   1.6264204545454547E-002  0.15844897187426260        6.5881275028457659E-004   2.9594999999999937E-002   1.8418466249658271E-004
   1.5938895089285716E-002  0.15728938556595654        6.6031618780140495E-004   2.9549999999999934E-002   1.8473978423388506E-004
   1.5625000000000000E-002  0.15619037380298770        6.6114926407962122E-004   2.9474999999999921E-002   1.8420933963315115E-004
   1.5321928879310345E-002  0.15512623395410297        6.6147185711951182E-004   2.9437499999999926E-002   1.8310505760685836E-004
   1.5029131355932205E-002  0.15411814585214612        6.6061193706447026E-004   2.9389999999999927E-002   1.8272350365478222E-004
   1.4746093750000001E-002  0.15314413366212562        6.6263021615702619E-004   2.9347499999999929E-002   1.8305402277066755E-004
   1.4472336065573771E-002  0.15220086623704379        6.6107447613333609E-004   2.9304999999999935E-002   1.8106656513585740E-004
   1.4207409274193547E-002  0.15128147281215004        6.5938349987323410E-004   2.9277499999999942E-002   1.8146064909976790E-004
   1.3950892857142856E-002  0.15041179265497878        6.6000938047159154E-004   2.9242499999999935E-002   1.8241695910658519E-004
   1.3702392578125000E-002  0.14956617310736500        6.6028978744552675E-004   2.9209999999999937E-002   1.8152413090552168E-004
   1.3461538461538462E-002  0.14876073590106684        6.6179326024756366E-004   2.9187499999999936E-002   1.8206777376136380E-004
   1.3227982954545454E-002  0.14798096384250475        6.6095527308321085E-004   2.9157499999999927E-002   1.8166093263122303E-004
   1.3001399253731344E-002  0.14723223452642809        6.6232645889341445E-004   2.9129999999999930E-002   1.8241782431072551E-004
   1.2781479779411764E-002  0.14649194510638971        6.6219452982331636E-004   2.9097499999999936E-002   1.8153021703552980E-004
   1.2567934782608696E-002  0.14579494998810752        6.6166743894512288E-004   2.9062499999999939E-002   1.8078026033073417E-004
   1.2360491071428571E-002  0.14511040643680273        6.6252692639311931E-004   2.9037499999999935E-002   1.8067546523358103E-004
   1.2158890845070422E-002  0.14444008012907855        6.6179475444117029E-004   2.9002499999999935E-002   1.7987421952153098E-004
   1.1962890625000000E-002  0.14379963416572800        6.6113506675233411E-004   2.8974999999999938E-002   1.7938235783661701E-004
   1.1772260273972603E-002  0.14318330358316003        6.6109727778656613E-004   2.8957499999999935E-002   1.7837846356168064E-004
   1.1586782094594595E-002  0.14259379187987409        6.6011480467834084E-004   2.8939999999999931E-002   1.7922814308229934E-004
   1.1406250000000000E-002  0.14202106621257968        6.5945174436692977E-004   2.8927499999999929E-002   1.7849309609488322E-004
   1.1230468750000000E-002  0.14146321172367371        6.6082067947069163E-004   2.8907499999999930E-002   1.7910605035209923E-004
   1.1059253246753246E-002  0.14093294390097710        6.6049018231937467E-004   2.8879999999999937E-002   1.7983859205386883E-004
   1.0892427884615384E-002  0.14041331368417131        6.5991432256598949E-004   2.8854999999999943E-002   1.8094798069380924E-004
   1.0729825949367089E-002  0.13990054194022300        6.5911443473624953E-004   2.8844999999999940E-002   1.8051483612325836E-004
   1.0571289062499999E-002  0.13940360658434589        6.5958993851485538E-004   2.8819999999999939E-002   1.8090959849682210E-004
   1.0416666666666666E-002  0.13893622701795486        6.5961404928318581E-004   2.8804999999999942E-002   1.8054281229310656E-004
   1.0265815548780487E-002  0.13846487234960994        6.6121296039549251E-004   2.8777499999999949E-002   1.7999351138695593E-004
   1.0118599397590361E-002  0.13802550569307190        6.6222987423876078E-004   2.8754999999999947E-002   1.8069660380387356E-004
   9.9748883928571421E-003  0.13758920260751917        6.6183723028864045E-004   2.8732499999999939E-002   1.8178599778282539E-004
   9.8345588235294115E-003  0.13715252635410521        6.6422001553031042E-004   2.8722499999999939E-002   1.8156499100760527E-004
   9.6974927325581394E-003  0.13673119827694408        6.6397219789690457E-004   2.8687499999999942E-002   1.8098966849244065E-004
   9.5635775862068957E-003  0.13630331985536684        6.6526712646548542E-004   2.8664999999999944E-002   1.8129792992181132E-004
   9.4327059659090901E-003  0.13588662700596602        6.6556802042364613E-004   2.8642499999999939E-002   1.8126432371126487E-004
   9.3047752808988766E-003  0.13549481024383467        6.6531314419296503E-004   2.8632499999999939E-002   1.8102733623583253E-004
   9.1796875000000003E-003  0.13510684840703807        6.6577464956033244E-004   2.8602499999999934E-002   1.8122391836029606E-004
   9.0573489010989019E-003  0.13473115809862415        6.6478891486703167E-004   2.8592499999999937E-002   1.8016038729841102E-004
   8.9376698369565220E-003  0.13436832342305699        6.6370821637960526E-004   2.8579999999999935E-002   1.7992282296091052E-004
   8.8205645161290331E-003  0.13400915448325823        6.6359704676893739E-004   2.8552499999999929E-002   1.7948069731052674E-004
   8.7059507978723399E-003  0.13365782036004925        6.6318135226724412E-004   2.8547499999999927E-002   1.7914270452871621E-004
   8.5937500000000007E-003  0.13331228717618121        6.6338564536044190E-004   2.8532499999999929E-002   1.7917653249793054E-004
   8.4838867187500000E-003  0.13297759359951949        6.6362130426707614E-004   2.8517499999999928E-002   1.7940892712269447E-004
   8.3762886597938142E-003  0.13265374707741723        6.6417957274346050E-004   2.8499999999999925E-002   1.7918868786446755E-004
   8.2708864795918366E-003  0.13233308398751717        6.6521630862184438E-004   2.8482499999999925E-002   1.7954962595845582E-004
   8.1676136363636360E-003  0.13201488191436450        6.6588091101493405E-004   2.8464999999999931E-002   1.7950619696120799E-004
   8.0664062499999998E-003  0.13169846425874382        6.6549242450264588E-004   2.8447499999999931E-002   1.8021784656971032E-004
   7.9672029702970298E-003  0.13139998341451123        6.6639991547863488E-004   2.8432499999999927E-002   1.8016739550774549E-004
   7.8699448529411763E-003  0.13110535704570758        6.6539820909393400E-004   2.8404999999999920E-002   1.7932181443238460E-004
   7.7745752427184466E-003  0.13080314394503023        6.6539280814827682E-004   2.8392499999999921E-002   1.8000613766193510E-004
   7.6810396634615381E-003  0.13053136508821289        6.6505188216976535E-004   2.8372499999999922E-002   1.8053984003092342E-004
   7.5892857142857151E-003  0.13025218152079968        6.6519231588345600E-004   2.8357499999999921E-002   1.8063632614521305E-004
   7.4992629716981139E-003  0.12998888985874454        6.6645437505713132E-004   2.8334999999999930E-002   1.8011009539903186E-004
   7.4109228971962621E-003  0.12970974150215961        6.6710295938961282E-004   2.8317499999999933E-002   1.8023746261333531E-004
   7.3242187500000000E-003  0.12945195550428035        6.6705800095213127E-004   2.8299999999999929E-002   1.8073223678731387E-004
   7.2391055045871559E-003  0.12920103030511493        6.6709098701718734E-004   2.8292499999999932E-002   1.8125735791404746E-004
   7.1555397727272735E-003  0.12895649966934042        6.6679420890653786E-004   2.8274999999999929E-002   1.8186394626065692E-004
   7.0734797297297303E-003  0.12871366623719616        6.6813141924963466E-004   2.8259999999999931E-002   1.8173962949587263E-004
   6.9928850446428579E-003  0.12846610064920122        6.6840191662165358E-004   2.8232499999999935E-002   1.8095059736532952E-004
   6.9137168141592924E-003  0.12821974789010074        6.6846345413992185E-004   2.8227499999999940E-002   1.8056081965908046E-004
   6.8359375000000000E-003  0.12797725958205614        6.6859707113686793E-004   2.8207499999999937E-002   1.8104825937363426E-004
   6.7595108695652165E-003  0.12774682477160570        6.6757424053021845E-004   2.8189999999999937E-002   1.8066655484732418E-004
   6.6844019396551727E-003  0.12751312185381031        6.6835058061045290E-004   2.8174999999999940E-002   1.8113349616881238E-004
   6.6105769230769239E-003  0.12728273751545929        6.6900594397000944E-004   2.8157499999999933E-002   1.8159141477281106E-004
   6.5380031779661025E-003  0.12706666569702543        6.6941441610561048E-004   2.8144999999999930E-002   1.8226894880086385E-004
   6.4666491596638651E-003  0.12685643671844235        6.6944878024460190E-004   2.8139999999999932E-002   1.8203118835890105E-004
   6.3964843750000007E-003  0.12664474838667122        6.6875967862901615E-004   2.8124999999999938E-002   1.8186394626062996E-004
   6.3274793388429749E-003  0.12644628826562748        6.6916516756564354E-004   2.8112499999999943E-002   1.8165120173261294E-004
   6.2596055327868855E-003  0.12624692815380237        6.6909579974155952E-004   2.8107499999999942E-002   1.8178599778280997E-004
   6.1928353658536588E-003  0.12605424513794827        6.6897948182386183E-004   2.8102499999999937E-002   1.8153717236283395E-004
   6.1271421370967735E-003  0.12585800395581759        6.6882532559850677E-004   2.8094999999999936E-002   1.8068961612039509E-004
   6.0625000000000002E-003  0.12567400433398032        6.6904898767648920E-004   2.8079999999999931E-002   1.8166875172560365E-004
   5.9988839285714281E-003  0.12548287406008352        6.6947155311162740E-004   2.8052499999999935E-002   1.8147456482044410E-004
   5.9362696850393699E-003  0.12528940072663339        6.6936150048430780E-004   2.8052499999999935E-002   1.8147456482044410E-004
   5.8746337890625000E-003  0.12510853395248078        6.6906930156027740E-004   2.8039999999999933E-002   1.8128051815522925E-004
   5.8139534883720929E-003  0.12492897399325949        6.6970372883461539E-004   2.8024999999999932E-002   1.8172503927360318E-004
   5.7542067307692311E-003  0.12475298311638715        6.7038769452360816E-004   2.8014999999999929E-002   1.8256796160899725E-004
   5.6953721374045805E-003  0.12458333498089108        6.7064378045320007E-004   2.8009999999999931E-002   1.8267512698833614E-004
   5.6374289772727270E-003  0.12441048533581238        6.7155242685854315E-004   2.8007499999999932E-002   1.8210521850310540E-004
   5.5803571428571430E-003  0.12424373242665265        6.7202715171092492E-004   2.7999999999999924E-002   1.8247042101519239E-004
   5.5241371268656718E-003  0.12407775914806177        6.7207940934323857E-004   2.7992499999999927E-002   1.8248616247528259E-004
   5.4687499999999997E-003  0.12392016986403373        6.7165375376112960E-004   2.7982499999999928E-002   1.8164703118795500E-004
   5.4141773897058822E-003  0.12376204453001485        6.7179096944207167E-004   2.7967499999999926E-002   1.8235465362028482E-004
   5.3604014598540150E-003  0.12360879179718878        6.7194625390677427E-004   2.7964999999999927E-002   1.8254029581427493E-004
   5.3074048913043480E-003  0.12345644947199673        6.7204684732101341E-004   2.7949999999999933E-002   1.8229734839629846E-004
   5.2551708633093528E-003  0.12330828614815975        6.7233377385078977E-004   2.7942499999999933E-002   1.8208441681946200E-004
   5.2036830357142854E-003  0.12316083627078257        6.7256034906506168E-004   2.7939999999999934E-002   1.8212827092658310E-004
   5.1529255319148932E-003  0.12302015794236278        6.7261664185358017E-004   2.7934999999999932E-002   1.8162496046145277E-004
   5.1028829225352110E-003  0.12287389699926797        6.7186221695482353E-004   2.7919999999999928E-002   1.8100728262597651E-004
   5.0535402097902100E-003  0.12273398302143473        6.7128855796757777E-004   2.7907499999999929E-002   1.8033551082537237E-004
   5.0048828125000000E-003  0.12259182907842398        6.7091526788014939E-004   2.7894999999999934E-002   1.8045887077226995E-004
   4.9568965517241383E-003  0.12245558859078627        6.7067851240404505E-004   2.7887499999999933E-002   1.8081517853288051E-004
   4.9095676369863015E-003  0.12232653607612487        6.7065013435966311E-004   2.7879999999999933E-002   1.8039938856309422E-004
   4.8628826530612247E-003  0.12219477643582198        6.7107147557623537E-004   2.7874999999999931E-002   1.8043508024166829E-004
   4.8168285472972973E-003  0.12206180509579516        6.7133557909907697E-004   2.7874999999999931E-002   1.8043508024167217E-004
   4.7713926174496645E-003  0.12193914376749383        6.7158164196324643E-004   2.7869999999999933E-002   1.8137661025466862E-004
   4.7265624999999999E-003  0.12181831121962811        6.7122185191902356E-004   2.7867499999999931E-002   1.8144534057440569E-004
   4.6823261589403970E-003  0.12169944743090920        6.7121920296659495E-004   2.7857499999999931E-002   1.8126432371127260E-004
   4.6386718750000000E-003  0.12157722487710527        6.7151251139161588E-004   2.7847499999999931E-002   1.8104268010665553E-004
   4.5955882352941178E-003  0.12145717647763679        6.7128690189899103E-004   2.7842499999999926E-002   1.8058039844631968E-004
   4.5530641233766230E-003  0.12134484835033574        6.7133353062514319E-004   2.7837499999999925E-002   1.8032570840319221E-004
   4.5110887096774192E-003  0.12122419539198870        6.7098733547952681E-004   2.7822499999999931E-002   1.7955103239001598E-004
   4.4696514423076920E-003  0.12110370032326745        6.7097738954346802E-004   2.7812499999999934E-002   1.8018561557627842E-004
   4.4287420382165604E-003  0.12098958005549941        6.7021437343219091E-004   2.7802499999999931E-002   1.7997246562693214E-004
   4.3883504746835443E-003  0.12087422852252583        6.7002634763505171E-004   2.7794999999999934E-002   1.8053581865706646E-004
   4.3484669811320754E-003  0.12076117412786790        6.6991258595508886E-004   2.7784999999999931E-002   1.8003296555593805E-004
   4.3090820312499997E-003  0.12065049848085735        6.6990603180217489E-004   2.7779999999999933E-002   1.8035738931017909E-004
   4.2701863354037270E-003  0.12053869042042610        6.6928336235804842E-004   2.7772499999999933E-002   1.8007065812948987E-004
   4.2317708333333330E-003  0.12043113941552640        6.6893000901986784E-004   2.7769999999999930E-002   1.8005610797804146E-004
   4.1938266871165645E-003  0.12032483691559757        6.6905428473140944E-004   2.7767499999999931E-002   1.8018141110860475E-004
   4.1563452743902437E-003  0.12021604281890089        6.6895598291846271E-004   2.7749999999999938E-002   1.7978662999018253E-004
   4.1193181818181815E-003  0.12010612428457945        6.6864844324188339E-004   2.7744999999999936E-002   1.7918798322803006E-004
   4.0827371987951803E-003  0.11999850169251620        6.6805940037943949E-004   2.7739999999999935E-002   1.7886849748889876E-004
   4.0465943113772457E-003  0.11989685588849242        6.6779722875201400E-004   2.7729999999999932E-002   1.7843596593566434E-004
   4.0108816964285711E-003  0.11979568790628946        6.6687834071916239E-004   2.7717499999999930E-002   1.7854119152371225E-004
   3.9755917159763317E-003  0.11969132822431568        6.6630158830470877E-004   2.7704999999999931E-002   1.7817750200914791E-004
   3.9407169117647058E-003  0.11959156246085965        6.6592261655279200E-004   2.7704999999999931E-002   1.7817750200914791E-004
   3.9062500000000000E-003  0.11949114262269948        6.6555158758551010E-004   2.7692499999999932E-002   1.7819433127057486E-004
   3.8721838662790697E-003  0.11938719211030691        6.6572863411546172E-004   2.7679999999999927E-002   1.7866225684291177E-004
   3.8385115606936419E-003  0.11928889644614865        6.6606327465990359E-004   2.7674999999999929E-002   1.7818175376209839E-004
   3.8052262931034479E-003  0.11919184551745335        6.6587761115232172E-004   2.7667499999999935E-002   1.7873203095384576E-004
   3.7723214285714287E-003  0.11909731744386814        6.6570059641568493E-004   2.7657499999999936E-002   1.7928220376226645E-004
   3.7397904829545451E-003  0.11900436180763986        6.6544384333666921E-004   2.7657499999999936E-002   1.7928220376226645E-004
   3.7076271186440675E-003  0.11891198049487180        6.6588822422720950E-004   2.7652499999999938E-002   1.7922021750804311E-004
   3.6758251404494383E-003  0.11881367356564647        6.6595134787320747E-004   2.7632499999999938E-002   1.7902848794239904E-004
   3.6443784916201120E-003  0.11871945039079911        6.6618541422956007E-004   2.7624999999999945E-002   1.7874774844944550E-004
   3.6132812500000002E-003  0.11862615820332356        6.6550264574278661E-004   2.7617499999999941E-002   1.7860482732397356E-004
   3.5825276243093927E-003  0.11852803250364252        6.6540188044548207E-004   2.7609999999999940E-002   1.7849398031893218E-004
   3.5521119505494509E-003  0.11844035010496380        6.6503297829134341E-004   2.7602499999999943E-002   1.7809652217859448E-004
   3.5220286885245897E-003  0.11834594324980383        6.6471097309284979E-004   2.7592499999999943E-002   1.7847045846706744E-004
   3.4922724184782610E-003  0.11825608382489713        6.6438541555398898E-004   2.7587499999999945E-002   1.7828358836072719E-004
   3.4628378378378380E-003  0.11817329476062487        6.6477488766182092E-004   2.7577499999999949E-002   1.7931882193171031E-004
   3.4337197580645165E-003  0.11808644113789089        6.6514229345792492E-004   2.7572499999999951E-002   1.7944551943258286E-004
   3.4049131016042778E-003  0.11799423748228639        6.6569156167873254E-004   2.7569999999999949E-002   1.7950830711479387E-004
   3.3764128989361699E-003  0.11791319704386394        6.6593983250951277E-004   2.7562499999999948E-002   1.7934276053848221E-004
   3.3482142857142860E-003  0.11782881100427037        6.6616553902798059E-004   2.7559999999999949E-002   1.7926336361716628E-004
   3.3203125000000003E-003  0.11775165092043186        6.6634382290906415E-004   2.7549999999999950E-002   1.7932955949613512E-004
   3.2927028795811516E-003  0.11766625460212655        6.6640549714294802E-004   2.7532499999999949E-002   1.7836430628789259E-004
   3.2653808593750000E-003  0.11757947328531440        6.6642724762512617E-004   2.7527499999999948E-002   1.7830200092915619E-004
   3.2383419689119173E-003  0.11750426129999231        6.6629249361425447E-004   2.7524999999999952E-002   1.7825260138066678E-004
   3.2115818298969071E-003  0.11742611337065144        6.6613615883625102E-004   2.7509999999999951E-002   1.7787749728503957E-004
   3.1850961538461538E-003  0.11734700736673416        6.6589671543496346E-004   2.7504999999999950E-002   1.7787962675964113E-004
   3.1588807397959183E-003  0.11727021385433352        6.6558699898348818E-004   2.7504999999999950E-002   1.7787962675963720E-004
   3.1329314720812181E-003  0.11719465989305319        6.6519182497249622E-004   2.7504999999999953E-002   1.7787962675963324E-004
   3.1072443181818180E-003  0.11712359016586861        6.6505040189799214E-004   2.7499999999999952E-002   1.7702650603333283E-004
   3.0818153266331657E-003  0.11705499111400096        6.6464558426345007E-004   2.7499999999999955E-002   1.7702650603332884E-004
   3.0566406249999999E-003  0.11698288502906663        6.6458701828085113E-004   2.7494999999999954E-002   1.7738205641884775E-004
   3.0317164179104478E-003  0.11691255938678304        6.6372734247293274E-004   2.7492499999999951E-002   1.7718530931872204E-004
   3.0070389851485149E-003  0.11684301526165904        6.6322569451764807E-004   2.7487499999999953E-002   1.7718245888732561E-004
   2.9826046798029559E-003  0.11677420690983417        6.6298470598432496E-004   2.7477499999999953E-002   1.7631522362176593E-004
   2.9584099264705881E-003  0.11671014197917805        6.6254258384620284E-004   2.7474999999999951E-002   1.7622228272633702E-004
   2.9344512195121951E-003  0.11664031679342267        6.6233899394098816E-004   2.7469999999999953E-002   1.7657230184194800E-004
   2.9107251213592233E-003  0.11657310037995038        6.6196750521524590E-004   2.7467499999999950E-002   1.7654995430083147E-004
   2.8872282608695650E-003  0.11650970458681872        6.6208973690916057E-004   2.7464999999999951E-002   1.7656300560843114E-004
   2.8639573317307690E-003  0.11644642705815550        6.6217699039401094E-004   2.7459999999999950E-002   1.7633760091069248E-004
   2.8409090909090910E-003  0.11638455570615125        6.6208539031386963E-004   2.7459999999999950E-002   1.7633760091069248E-004
   2.8180803571428575E-003  0.11631852196895492        6.6160833584024174E-004   2.7454999999999955E-002   1.7654012048652827E-004
   2.7954680094786728E-003  0.11625575862907755        6.6183955298891053E-004   2.7452499999999956E-002   1.7687291420045547E-004
   2.7730689858490570E-003  0.11619470004199994        6.6210886229389071E-004   2.7444999999999945E-002   1.7772339761718570E-004
   2.7508802816901406E-003  0.11613279394242880        6.6231654068826785E-004   2.7444999999999945E-002   1.7772339761718174E-004
   2.7288989485981310E-003  0.11607309612864178        6.6253863533383692E-004   2.7442499999999946E-002   1.7773316596183457E-004
   2.7071220930232559E-003  0.11601633512104546        6.6267147410544532E-004   2.7439999999999951E-002   1.7749377567685944E-004
   2.6855468750000000E-003  0.11596030714107539        6.6275293286309478E-004   2.7437499999999945E-002   1.7721808598444364E-004
   2.6641705069124421E-003  0.11590400969647507        6.6321372554015981E-004   2.7432499999999943E-002   1.7801710138025682E-004
   2.6429902522935780E-003  0.11584899698429454        6.6364345188692458E-004   2.7427499999999948E-002   1.7817449028940079E-004
   2.6220034246575343E-003  0.11579385332956740        6.6376456006806577E-004   2.7424999999999949E-002   1.7800451134899396E-004
   2.6012073863636367E-003  0.11574072603548169        6.6376856445097600E-004   2.7417499999999949E-002   1.7813054882369176E-004
   2.5805995475113126E-003  0.11568077771694747        6.6407739658969132E-004   2.7407499999999946E-002   1.7868257363604540E-004
   2.5601773648648652E-003  0.11562504085949663        6.6436890430317578E-004   2.7404999999999947E-002   1.7840412075683032E-004
   2.5399383408071753E-003  0.11557165403647879        6.6436896009182628E-004   2.7402499999999948E-002   1.7830200092915619E-004
   2.5198800223214289E-003  0.11551519770701500        6.6456493016615143E-004   2.7397499999999950E-002   1.7806107084222469E-004
   2.4999999999999996E-003  0.11545687973367449        6.6469091227726004E-004   2.7397499999999950E-002   1.7806107084222469E-004
   2.4802959070796462E-003  0.11540245517199660        6.6490538876233366E-004   2.7397499999999950E-002   1.7806107084222865E-004
   2.4607654185022027E-003  0.11535021257821136        6.6477980316053114E-004   2.7387499999999947E-002   1.7803554150897411E-004
   2.4414062500000000E-003  0.11529407870802652        6.6492584129074933E-004   2.7377499999999947E-002   1.7807525222370072E-004
   2.4222161572052398E-003  0.11524367738956207        6.6487847912993943E-004   2.7379999999999946E-002   1.7832271279615491E-004
   2.4031929347826083E-003  0.11519292794088168        6.6540678867005321E-004   2.7374999999999945E-002   1.7860641792848304E-004
   2.3843344155844159E-003  0.11514137027884917        6.6547887692923816E-004   2.7367499999999944E-002   1.7835722722962880E-004
   2.3656384698275863E-003  0.11508733209922463        6.6551495111375337E-004   2.7359999999999943E-002   1.7852934569061516E-004
   2.3471030042918452E-003  0.11503265658686516        6.6582693040347562E-004   2.7354999999999949E-002   1.7870112173425589E-004
   2.3287259615384619E-003  0.11498463399378139        6.6582146180802198E-004   2.7354999999999949E-002   1.7870112173425589E-004
   2.3105053191489365E-003  0.11493130440953372        6.6617027837019365E-004   2.7349999999999951E-002   1.7858874374923503E-004
   2.2924390889830512E-003  0.11487552431450203        6.6658889775592339E-004   2.7349999999999951E-002   1.7858874374923503E-004
   2.2745253164556962E-003  0.11482742504860789        6.6680385823055270E-004   2.7347499999999948E-002   1.7872637938161321E-004
   2.2567620798319326E-003  0.11477673283837228        6.6707454521891800E-004   2.7344999999999949E-002   1.7865165585967592E-004
   2.2391474895397494E-003  0.11472948059682560        6.6707566603286150E-004   2.7342499999999950E-002   1.7839969736575223E-004
   2.2216796875000003E-003  0.11468045607090170        6.6678064362070541E-004   2.7342499999999950E-002   1.7839969736575223E-004
   2.2043568464730290E-003  0.11463270888705827        6.6685057288568841E-004   2.7337499999999949E-002   1.7849592559645604E-004
   2.1871771694214875E-003  0.11458505691769748        6.6690055875384473E-004   2.7334999999999950E-002   1.7834890897710216E-004
   2.1701388888888890E-003  0.11453678675312455        6.6680635473560942E-004   2.7329999999999948E-002   1.7823064163087146E-004
   2.1532402663934427E-003  0.11449075413913209        6.6660115164037567E-004   2.7322499999999948E-002   1.7771327349342436E-004
   2.1364795918367343E-003  0.11444796289939753        6.6641199948536285E-004   2.7319999999999948E-002   1.7742120174396711E-004
   2.1198551829268294E-003  0.11440298353264357        6.6606120627245888E-004   2.7317499999999946E-002   1.7719956078790392E-004
   2.1033653846153849E-003  0.11436020959517761        6.6585582239629454E-004   2.7314999999999947E-002   1.7726243171343990E-004
   2.0870085685483868E-003  0.11431452921316133        6.6544224408764834E-004   2.7307499999999946E-002   1.7687862499405978E-004
   2.0707831325301202E-003  0.11427110933366894        6.6514726176125942E-004   2.7307499999999946E-002   1.7687862499405978E-004
   2.0546875000000001E-003  0.11422924388898671        6.6496574195925966E-004   2.7304999999999944E-002   1.7669024999822928E-004
   2.0387201195219123E-003  0.11418684428121444        6.6491100411507115E-004   2.7297499999999943E-002   1.7683721756221136E-004
   2.0228794642857140E-003  0.11414013792612721        6.6508806318355755E-004   2.7294999999999944E-002   1.7654012048655209E-004
   2.0071640316205530E-003  0.11409874992334139        6.6502793939794463E-004   2.7294999999999944E-002   1.7654012048655209E-004
   1.9915723425196850E-003  0.11405651655773540        6.6502029727069287E-004   2.7287499999999944E-002   1.7703987880379816E-004
   1.9761029411764705E-003  0.11401703022996017        6.6505701930556348E-004   2.7284999999999945E-002   1.7709852875979031E-004
   1.9607543945312500E-003  0.11397743911307405        6.6505920236528085E-004   2.7284999999999945E-002   1.7709852875979031E-004
   1.9455252918287938E-003  0.11393687082450316        6.6509455562062641E-004   2.7284999999999945E-002   1.7709852875979031E-004
   1.9304142441860465E-003  0.11389591522172911        6.6490653972003076E-004   2.7282499999999946E-002   1.7776157991231161E-004
   1.9154198841698842E-003  0.11384908406143084        6.6455825784252748E-004   2.7272499999999943E-002   1.7752845126935512E-004
   1.9005408653846156E-003  0.11380794243848133        6.6461440582064131E-004   2.7267499999999941E-002   1.7771185251763054E-004
   1.8857758620689654E-003  0.11376425469052757        6.6454531743773506E-004   2.7257499999999938E-002   1.7747012125817466E-004
   1.8711235687022903E-003  0.11372127702575885        6.6464492615388225E-004   2.7254999999999939E-002   1.7766655295919009E-004
   1.8565826996197717E-003  0.11367736146944044        6.6522599023315261E-004   2.7252499999999943E-002   1.7732919652270490E-004
   1.8421519886363635E-003  0.11363624888661812        6.6524552867304563E-004   2.7247499999999938E-002   1.7693715000106908E-004
   1.8278301886792453E-003  0.11359428356271968        6.6522630997386059E-004   2.7244999999999943E-002   1.7716838421013708E-004
   1.8136160714285715E-003  0.11354990046254765        6.6490180382102750E-004   2.7244999999999943E-002   1.7716838421013708E-004
   1.7995084269662922E-003  0.11351074914990701        6.6471388444137012E-004   2.7242499999999937E-002   1.7743454476725550E-004
   1.7855060634328359E-003  0.11346930178098213        6.6480656430993124E-004   2.7237499999999935E-002   1.7771611541097005E-004
   1.7716078066914499E-003  0.11343172150241471        6.6493799681379589E-004   2.7234999999999940E-002   1.7805132048728936E-004
   1.7578124999999998E-003  0.11339650206498503        6.6518555504569907E-004   2.7234999999999940E-002   1.7805132048728936E-004
   1.7441190036900367E-003  0.11335777466458725        6.6584150225344773E-004   2.7229999999999935E-002   1.7825897628523236E-004
   1.7305261948529411E-003  0.11332151971971158        6.6621267750711249E-004   2.7229999999999942E-002   1.7825897628522057E-004
   1.7170329670329670E-003  0.11328574086483641        6.6653401710494689E-004   2.7229999999999935E-002   1.7825897628523236E-004
   1.7036382299270075E-003  0.11324509485251780        6.6642492824436114E-004   2.7227499999999939E-002   1.7799014698639283E-004
   1.6903409090909091E-003  0.11320951147754417        6.6606130124660895E-004   2.7222499999999938E-002   1.7791209808908599E-004
   1.6771399456521740E-003  0.11317156876490497        6.6605467068054421E-004   2.7212499999999931E-002   1.7743169833982998E-004
   1.6640342960288807E-003  0.11313522720711382        6.6607314587497051E-004   2.7212499999999931E-002   1.7743169833982998E-004
   1.6510229316546764E-003  0.11309897790625267        6.6613981406034664E-004   2.7207499999999937E-002   1.7742031217342434E-004
   1.6381048387096773E-003  0.11305666027678135        6.6617789254052380E-004   2.7197499999999934E-002   1.7781981431672775E-004
   1.6252790178571427E-003  0.11302141111372958        6.6614031078967770E-004   2.7197499999999934E-002   1.7781981431672775E-004
   1.6125444839857651E-003  0.11298724953363307        6.6615836224025193E-004   2.7194999999999935E-002   1.7779442788191241E-004
   1.5999002659574466E-003  0.11294671615631752        6.6588516268014503E-004   2.7189999999999933E-002   1.7738703903093215E-004
   1.5873454063604240E-003  0.11291091045400775        6.6574948650648829E-004   2.7189999999999933E-002   1.7738703903093215E-004
   1.5748789612676055E-003  0.11287744666731672        6.6561938452613164E-004   2.7187499999999934E-002   1.7736052280736876E-004
   1.5625000000000001E-003  0.11283911145282417        6.6562669023007936E-004   2.7187499999999934E-002   1.7736052280737272E-004
   1.5502076048951050E-003  0.11280401155210538        6.6544685481678472E-004   2.7187499999999934E-002   1.7736052280736876E-004
   1.5380008710801393E-003  0.11276984099859907        6.6530775524275502E-004   2.7179999999999937E-002   1.7770563561488219E-004
   1.5258789062500000E-003  0.11273482886305480        6.6517110469446999E-004   2.7172499999999936E-002   1.7776300049062945E-004
   1.5138408304498272E-003  0.11270144164264641        6.6519996384681031E-004   2.7169999999999937E-002   1.7808890073683041E-004
   1.5018857758620691E-003  0.11266807140701240        6.6538540614736487E-004   2.7167499999999935E-002   1.7809510426065287E-004
   1.4900128865979381E-003  0.11263633585007733        6.6532319847524936E-004   2.7164999999999936E-002   1.7753289636832296E-004
   1.4782213184931507E-003  0.11260411788335908        6.6538139137000730E-004   2.7164999999999932E-002   1.7753289636833087E-004
   1.4665102389078500E-003  0.11257083382031947        6.6543278568927360E-004   2.7162499999999933E-002   1.7728931870039809E-004
   1.4548788265306123E-003  0.11254023733050693        6.6535319944241889E-004   2.7159999999999934E-002   1.7757911880157088E-004
   1.4433262711864405E-003  0.11250350508781323        6.6522999365053526E-004   2.7154999999999933E-002   1.7769497756128281E-004
   1.4318517736486487E-003  0.11246960320711878        6.6524018336478548E-004   2.7149999999999931E-002   1.7713345992855816E-004
   1.4204545454545455E-003  0.11243563615525159        6.6522392548725839E-004   2.7142499999999931E-002   1.7749857731682450E-004
   1.4091338087248322E-003  0.11240086567157488        6.6484033022730176E-004   2.7139999999999932E-002   1.7721612668026703E-004
   1.3978887959866220E-003  0.11237188325214596        6.6489837002652714E-004   2.7139999999999932E-002   1.7721612668026703E-004
   1.3867187499999999E-003  0.11233888907931554        6.6455303831898234E-004   2.7134999999999937E-002   1.7704148346838567E-004
   1.3756229235880398E-003  0.11230502147943064        6.6440632206785978E-004   2.7129999999999939E-002   1.7632900836764479E-004
   1.3646005794701985E-003  0.11227114641073610        6.6378016759378379E-004   2.7122499999999938E-002   1.7629373875220291E-004
   1.3536509900990098E-003  0.11224023996086249        6.6330228786859696E-004   2.7119999999999939E-002   1.7604235027659325E-004
   1.3427734375000000E-003  0.11220738763274751        6.6300681574999549E-004   2.7114999999999938E-002   1.7564527498985247E-004
   1.3319672131147540E-003  0.11217365365231217        6.6277905077360998E-004   2.7114999999999938E-002   1.7564527498985247E-004
   1.3212316176470589E-003  0.11214418637496709        6.6274012925949253E-004   2.7114999999999938E-002   1.7564527498985247E-004
   1.3105659609120523E-003  0.11211349591670411        6.6282473992372310E-004   2.7112499999999939E-002   1.7632524899838039E-004
   1.2999695616883115E-003  0.11208422383244222        6.6268164315812553E-004   2.7109999999999940E-002   1.7614416730838602E-004
   1.2894417475728154E-003  0.11205165514350839        6.6264202669389228E-004   2.7104999999999938E-002   1.7567258917046397E-004
   1.2789818548387096E-003  0.11202145850414638        6.6210421293673265E-004   2.7104999999999938E-002   1.7567258917046397E-004
   1.2685892282958198E-003  0.11199325835367695        6.6194913710662954E-004   2.7104999999999938E-002   1.7567258917046795E-004
   1.2582632211538460E-003  0.11196516701303855        6.6154891795906247E-004   2.7104999999999938E-002   1.7567258917046397E-004
   1.2480031948881791E-003  0.11193756902684118        6.6146666699624305E-004   2.7097499999999938E-002   1.7566234685044763E-004
   1.2378085191082802E-003  0.11191029557891602        6.6124522571936451E-004   2.7094999999999939E-002   1.7562227027965085E-004
   1.2276785714285714E-003  0.11188368375274881        6.6098930643167231E-004   2.7092499999999943E-002   1.7554586583026381E-004
   1.2176127373417721E-003  0.11185586843171698        6.6072089648722219E-004   2.7092499999999943E-002   1.7554586583026381E-004
   1.2076104100946371E-003  0.11182861949528147        6.6055775880665963E-004   2.7092499999999943E-002   1.7554586583026381E-004
   1.1976709905660377E-003  0.11180334835396633        6.6046229700449284E-004   2.7092499999999943E-002   1.7554586583026381E-004
   1.1877938871473355E-003  0.11177599763491934        6.6050154634747277E-004   2.7089999999999944E-002   1.7528908302076146E-004
   1.1779785156249998E-003  0.11174500012959493        6.6048313324660495E-004   2.7079999999999934E-002   1.7526603155826529E-004
   1.1682242990654207E-003  0.11171720406467259        6.6036194579797286E-004   2.7079999999999934E-002   1.7526603155826529E-004
   1.1585306677018635E-003  0.11169345954156697        6.6036438457301523E-004   2.7079999999999934E-002   1.7526603155826529E-004
   1.1488970588235292E-003  0.11166588979611886        6.6023215586465307E-004   2.7079999999999934E-002   1.7526603155826529E-004
   1.1393229166666665E-003  0.11164016477329237        6.6021847589578368E-004   2.7079999999999934E-002   1.7526603155826529E-004
   1.1298076923076921E-003  0.11161677800903182        6.6006876923073898E-004   2.7079999999999941E-002   1.7526603155825729E-004
   1.1203508435582822E-003  0.11159394770623426        6.6001893151823750E-004   2.7079999999999941E-002   1.7526603155825729E-004
   1.1109518348623852E-003  0.11156857814924237        6.6014449946086274E-004   2.7077499999999935E-002   1.7536739932916734E-004
   1.1016101371951218E-003  0.11154353045979307        6.6043028244141253E-004   2.7067499999999932E-002   1.7530114781211313E-004
   1.0923252279635260E-003  0.11151722420304842        6.6036914544736244E-004   2.7069999999999931E-002   1.7552518596798168E-004
   1.0830965909090907E-003  0.11149081171402785        6.6045891126401319E-004   2.7062499999999937E-002   1.7564365756965084E-004
   1.0739237160120848E-003  0.11146632229758058        6.6046721403641791E-004   2.7059999999999938E-002   1.7545467629659597E-004
   1.0648060993975902E-003  0.11143727441250734        6.6008973578943837E-004   2.7057499999999936E-002   1.7540915372956284E-004
   1.0557432432432433E-003  0.11141501707895053        6.6001416492334928E-004   2.7054999999999937E-002   1.7579473222707198E-004
   1.0467346556886229E-003  0.11138911448648324        6.6023544969443394E-004   2.7054999999999937E-002   1.7579473222707198E-004
   1.0377798507462685E-003  0.11136478669771149        6.5998995114208950E-004   2.7054999999999937E-002   1.7579473222707198E-004
   1.0288783482142855E-003  0.11134231020041910        6.6010199930321089E-004   2.7054999999999937E-002   1.7579473222707198E-004
   1.0200296735905045E-003  0.11131988517479646        6.6007258425813064E-004   2.7049999999999942E-002   1.7591750821611434E-004
   1.0112333579881659E-003  0.11129673275342089        6.6027820134000644E-004   2.7049999999999942E-002   1.7591750821611434E-004
   1.0024889380530972E-003  0.11127175525041305        6.6038716185198875E-004   2.7044999999999941E-002   1.7632542801778077E-004
   9.9379595588235288E-004  0.11124569312573528        6.6071327653593266E-004   2.7039999999999939E-002   1.7673097743134094E-004
   9.8515395894428152E-004  0.11121898728889253        6.6101661471522344E-004   2.7037499999999940E-002   1.7696854568429525E-004
   9.7656250000000000E-004  0.11119289076705675        6.6094347891476829E-004   2.7032499999999939E-002   1.7615617353572031E-004
   9.6802113702623921E-004  0.11116637427198121        6.6125723594462750E-004   2.7027499999999937E-002   1.7598550072277317E-004
   9.5952943313953485E-004  0.11114263923283818        6.6129370648055686E-004   2.7027499999999937E-002   1.7598550072276919E-004
   9.5108695652173928E-004  0.11111630616013246        6.6107461901912198E-004   2.7027499999999937E-002   1.7598550072276919E-004
   9.4269328034682093E-004  0.11109134480804357        6.6107195303612652E-004   2.7019999999999936E-002   1.7622873107573522E-004
   9.3434798270893363E-004  0.11106707151384995        6.6085371031008081E-004   2.7014999999999931E-002   1.7637697804373409E-004
   9.2605064655172393E-004  0.11104308147923572        6.6092666169864840E-004   2.7012499999999932E-002   1.7671865301442779E-004
   9.1780085959885377E-004  0.11102268309560716        6.6082470840990394E-004   2.7012499999999932E-002   1.7671865301442779E-004
   9.0959821428571435E-004  0.11099714006777579        6.6117111420469518E-004   2.7009999999999933E-002   1.7720187654340965E-004
   9.0144230769230753E-004  0.11097530675768695        6.6112157615177134E-004   2.7007499999999931E-002   1.7704273153078078E-004
   8.9333274147727253E-004  0.11095242352951719        6.6112246391581103E-004   2.7007499999999931E-002   1.7704273153078078E-004
   8.8526912181303118E-004  0.11092751681915093        6.6171906125997914E-004   2.7007499999999931E-002   1.7704273153078078E-004
   8.7725105932203373E-004  0.11090507967261669        6.6184825732427629E-004   2.7007499999999931E-002   1.7704273153078078E-004
   8.6927816901408465E-004  0.11088393606778252        6.6203597029966857E-004   2.7004999999999932E-002   1.7720401413699516E-004
   8.6135007022471914E-004  0.11086398936155990        6.6200435944992393E-004   2.7002499999999933E-002   1.7725797983205680E-004
   8.5346638655462185E-004  0.11084362750836817        6.6212400625513524E-004   2.6999999999999934E-002   1.7702650603337636E-004
   8.4562674581005600E-004  0.11082121887069739        6.6207608467999538E-004   2.6999999999999934E-002   1.7702650603337636E-004
   8.3783077994428962E-004  0.11080206148924802        6.6200443233270664E-004   2.6997499999999931E-002   1.7679437208237915E-004
   8.3007812500000009E-004  0.11078065335350479        6.6202807273392050E-004   2.6997499999999931E-002   1.7679437208237915E-004
   8.2236842105263153E-004  0.11076132899982274        6.6208537867363105E-004   2.6997499999999931E-002   1.7679437208237915E-004
   8.1470131215469633E-004  0.11074155516561796        6.6201939491436089E-004   2.6994999999999932E-002   1.7684739183827656E-004
   8.0707644628099165E-004  0.11072264362184438        6.6209880876793486E-004   2.6992499999999930E-002   1.7686434766438881E-004
   7.9949347527472547E-004  0.11070128181743964        6.6218759541198779E-004   2.6989999999999927E-002   1.7670239775888737E-004
   7.9195205479452076E-004  0.11068106513280132        6.6219179860668449E-004   2.6987499999999928E-002   1.7653994168489122E-004
   7.8445184426229487E-004  0.11066135399205626        6.6223698596242398E-004   2.6984999999999929E-002   1.7659160784023179E-004
   7.7699250681198930E-004  0.11064212836936711        6.6224085540561627E-004   2.6984999999999929E-002   1.7659160784023179E-004
   7.6957370923913049E-004  0.11062095306503604        6.6218789073239589E-004   2.6977499999999929E-002   1.7702989389743490E-004
   7.6219512195121932E-004  0.11060118696621617        6.6227728901951412E-004   2.6977499999999929E-002   1.7702989389743490E-004
   7.5485641891891902E-004  0.11058028270500159        6.6242737398360921E-004   2.6974999999999930E-002   1.7747172203259415E-004
   7.4755727762803236E-004  0.11055942424007513        6.6247683906844857E-004   2.6974999999999930E-002   1.7747172203259019E-004
   7.4029737903225827E-004  0.11053952508567962        6.6226189535050352E-004   2.6969999999999925E-002   1.7735714125899292E-004
   7.3307640750670247E-004  0.11052020255000372        6.6227504122504859E-004   2.6967499999999926E-002   1.7715680294103336E-004
   7.2589405080213890E-004  0.11049884597544417        6.6212232234249603E-004   2.6964999999999927E-002   1.7695588105058388E-004
   7.1875000000000020E-004  0.11047663875794488        6.6204186096664741E-004   2.6962499999999931E-002   1.7671865301443571E-004
   7.1164394946808497E-004  0.11045648222805513        6.6184375850129071E-004   2.6962499999999931E-002   1.7671865301443571E-004
   7.0457559681697630E-004  0.11043542727831392        6.6145927783483986E-004   2.6957499999999926E-002   1.7620633996093810E-004
   6.9754464285714298E-004  0.11041515164713114        6.6124675183371691E-004   2.6957499999999926E-002   1.7620633996093810E-004
   6.9055079155672843E-004  0.11039616199391716        6.6098639505319536E-004   2.6954999999999930E-002   1.7603876409657729E-004
   6.8359375000000017E-004  0.11037720418184101        6.6058945115141771E-004   2.6949999999999932E-002   1.7527035393842283E-004
   6.7667322834645679E-004  0.11035648356495262        6.6050561500405444E-004   2.6947499999999930E-002   1.7574857931521915E-004
   6.6978893979057581E-004  0.11033593747660184        6.6051554901186090E-004   2.6947499999999930E-002   1.7574857931521915E-004
   6.6294060052219305E-004  0.11031504601973388        6.6032210504735056E-004   2.6944999999999931E-002   1.7550720149834862E-004
   6.5612792968750000E-004  0.11029586317813748        6.6014992507576324E-004   2.6944999999999931E-002   1.7550720149834862E-004
   6.4935064935064957E-004  0.11027687740916449        6.5999841409878116E-004   2.6939999999999933E-002   1.7570636662548987E-004
   6.4260848445595866E-004  0.11025934475125075        6.5975913512000806E-004   2.6937499999999930E-002   1.7571552853888817E-004
   6.3590116279069750E-004  0.11023974972990654        6.5992095558242941E-004   2.6937499999999930E-002   1.7571552853888817E-004
   6.2922841494845354E-004  0.11021909205724853        6.5969990241386447E-004   2.6937499999999930E-002   1.7571552853888817E-004
   6.2258997429305921E-004  0.11019971455189713        6.5939937517852038E-004   2.6932499999999932E-002   1.7548112074345054E-004
   6.1598557692307690E-004  0.11017982672884528        6.5935220093121642E-004   2.6929999999999933E-002   1.7584859189862732E-004
   6.0941496163682872E-004  0.11016263263306580        6.5931705573336994E-004   2.6929999999999933E-002   1.7584859189862732E-004
   6.0287786989795915E-004  0.11014371816487355        6.5944470399823180E-004   2.6929999999999933E-002   1.7584859189862732E-004
   5.9637404580152684E-004  0.11012551897575630        6.5940940977618988E-004   2.6929999999999933E-002   1.7584859189862732E-004
   5.8990323604060906E-004  0.11010697813312254        6.5941808521371059E-004   2.6929999999999933E-002   1.7584859189862732E-004
   5.8346518987341780E-004  0.11008957807357564        6.5953643270740339E-004   2.6927499999999934E-002   1.7582040739506582E-004
   5.7705965909090901E-004  0.11007284224793000        6.5974452284066364E-004   2.6927499999999934E-002   1.7582040739506582E-004
   5.7068639798488674E-004  0.11005608687179951        6.5983524944164822E-004   2.6919999999999934E-002   1.7602083210045447E-004
   5.6434516331658286E-004  0.11003698613536368        6.5992600930156985E-004   2.6919999999999934E-002   1.7602083210045447E-004
   5.5803571428571447E-004  0.11001960802672033        6.5996503030321088E-004   2.6917499999999938E-002   1.7606296939425334E-004
   5.5175781249999995E-004  0.11000254439142433        6.6001560700107193E-004   2.6917499999999938E-002   1.7606296939425334E-004
   5.4551122194513701E-004  0.10998539198249790        6.5985834662378473E-004   2.6914999999999932E-002   1.7596128476849105E-004
   5.3929570895522392E-004  0.10996770593497043        6.5995420098910137E-004   2.6912499999999936E-002   1.7600271892987795E-004
   5.3311104218362266E-004  0.10995062664307520        6.5987218014775743E-004   2.6909999999999931E-002   1.7590028166809013E-004
   5.2695699257425746E-004  0.10993513848097795        6.5984978999963722E-004   2.6904999999999936E-002   1.7590961292434572E-004
   5.2083333333333322E-004  0.10991407514925441        6.5978644470960474E-004   2.6904999999999936E-002   1.7590961292434572E-004
   5.1473983990147796E-004  0.10989779922477898        6.5975157506995355E-004   2.6904999999999936E-002   1.7590961292434572E-004
   5.0867628992629001E-004  0.10987960188795944        6.5979263809215179E-004   2.6899999999999938E-002   1.7627601176346803E-004
   5.0264246323529407E-004  0.10986094967137068        6.5994654768727022E-004   2.6897499999999935E-002   1.7642260872317367E-004
   4.9663814180929107E-004  0.10984413456893938        6.5997118885290605E-004   2.6897499999999935E-002   1.7642260872317367E-004
   4.9066310975609756E-004  0.10982702654486819        6.6010325220668760E-004   2.6894999999999936E-002   1.7638986319623280E-004
   4.8471715328467137E-004  0.10981172539712616        6.6012979977507393E-004   2.6894999999999936E-002   1.7638986319623280E-004
   4.7880006067961165E-004  0.10979395309508366        6.6011591625015633E-004   2.6894999999999936E-002   1.7638986319623280E-004
   4.7291162227602922E-004  0.10977886530813094        6.6021431169837805E-004   2.6894999999999936E-002   1.7638986319623280E-004
   4.6705163043478251E-004  0.10976227966583776        6.6019892354900948E-004   2.6894999999999936E-002   1.7638986319623280E-004
   4.6121987951807221E-004  0.10974647248196209        6.6025798317889770E-004   2.6892499999999937E-002   1.7632095247822730E-004
   4.5541616586538452E-004  0.10973131406601208        6.6024291882972532E-004   2.6892499999999937E-002   1.7632095247822730E-004
   4.4964028776978398E-004  0.10971774981197141        6.6026751357894388E-004   2.6889999999999938E-002   1.7628747183868169E-004
   4.4389204545454549E-004  0.10970305596844442        6.6026762675783159E-004   2.6887499999999936E-002   1.7600271892987795E-004
   4.3817124105011932E-004  0.10968746380331063        6.6026429787282019E-004   2.6884999999999937E-002   1.7586079779763895E-004
   4.3247767857142877E-004  0.10967147346974737        6.6025577885888125E-004   2.6884999999999937E-002   1.7586079779763895E-004
   4.2681116389548706E-004  0.10965764656573347        6.6022992338931317E-004   2.6884999999999937E-002   1.7586079779763895E-004
   4.2117150473933640E-004  0.10964209975384311        6.6023282336141970E-004   2.6884999999999937E-002   1.7586079779763895E-004
   4.1555851063829804E-004  0.10962707373789396        6.6021016081965810E-004   2.6884999999999937E-002   1.7586079779763895E-004
   4.0997199292452848E-004  0.10961317942946514        6.6010615236766540E-004   2.6882499999999938E-002   1.7600558846729211E-004
   4.0441176470588230E-004  0.10960024023230565        6.6011737196695105E-004   2.6879999999999935E-002   1.7650793326378530E-004
   3.9887764084507032E-004  0.10958711326774999        6.6032692175049931E-004   2.6879999999999935E-002   1.7650793326378530E-004
   3.9336943793911007E-004  0.10957324253057699        6.6044983450620157E-004   2.6879999999999935E-002   1.7650793326378530E-004
   3.8788697429906552E-004  0.10956107780760851        6.6047902272015568E-004   2.6877499999999936E-002   1.7661573737034195E-004
   3.8243006993006999E-004  0.10954566170881172        6.6050314296849577E-004   2.6877499999999936E-002   1.7661573737034195E-004
   3.7699854651162797E-004  0.10953106749579891        6.6061946876567784E-004   2.6877499999999936E-002   1.7661573737034195E-004
   3.7159222737819008E-004  0.10951700227369487        6.6066026325938975E-004   2.6877499999999936E-002   1.7661573737034195E-004
   3.6621093750000000E-004  0.10950195639206328        6.6089525559825837E-004   2.6872499999999935E-002   1.7650846976559659E-004
   3.6085450346420335E-004  0.10948647667735768        6.6095214646223462E-004   2.6867499999999933E-002   1.7661430756416374E-004
   3.5552275345622107E-004  0.10947440425596784        6.6099067302534463E-004   2.6867499999999933E-002   1.7661430756416374E-004
   3.5021551724137914E-004  0.10945848392780982        6.6100036457427075E-004   2.6867499999999933E-002   1.7661430756416374E-004
   3.4493262614678898E-004  0.10944336748929966        6.6117684475603506E-004   2.6867499999999933E-002   1.7661430756416374E-004
   3.3967391304347847E-004  0.10943036288969298        6.6125512612413145E-004   2.6867499999999933E-002   1.7661430756416374E-004
   3.3443921232876716E-004  0.10941582367385110        6.6130909056321178E-004   2.6862499999999932E-002   1.7643262799785001E-004
   3.2922835990888393E-004  0.10939893046962372        6.6137313635339790E-004   2.6859999999999933E-002   1.7660948188280725E-004
   3.2404119318181837E-004  0.10938756364924418        6.6134944137643333E-004   2.6859999999999933E-002   1.7660948188280725E-004
   3.1887755102040808E-004  0.10937396073459446        6.6136076808753688E-004   2.6857499999999934E-002   1.7653565038991146E-004
   3.1373727375565630E-004  0.10936126152993655        6.6138003965190311E-004   2.6857499999999934E-002   1.7653565038991542E-004
   3.0862020316027106E-004  0.10934923069138131        6.6139219607803761E-004   2.6857499999999934E-002   1.7653565038991542E-004
   3.0352618243243258E-004  0.10933771201992869        6.6141239138531500E-004   2.6854999999999934E-002   1.7664022100520962E-004
   2.9845505617977523E-004  0.10932374926021592        6.6141931753254291E-004   2.6854999999999934E-002   1.7671168665943561E-004
   2.9340667040358764E-004  0.10931165650850341        6.6152467720147386E-004   2.6852499999999935E-002   1.7681579612007888E-004
   2.8838087248322149E-004  0.10929852380493109        6.6160785072561261E-004   2.6852499999999935E-002   1.7681579612007888E-004
   2.8337751116071447E-004  0.10928767225154860        6.6167677529765261E-004   2.6852499999999935E-002   1.7681579612007888E-004
   2.7839643652561230E-004  0.10927519085721078        6.6180998333160632E-004   2.6852499999999935E-002   1.7681579612007888E-004
   2.7343749999999981E-004  0.10926378077813689        6.6180969391752085E-004   2.6852499999999935E-002   1.7681579612007888E-004
   2.6850055432372502E-004  0.10925223623770954        6.6187123616850171E-004   2.6852499999999935E-002   1.7681579612007888E-004
   2.6358545353982309E-004  0.10924030352989091        6.6191557647382745E-004   2.6847499999999934E-002   1.7695142145673337E-004
   2.5869205298013247E-004  0.10922954027682003        6.6194431597648383E-004   2.6847499999999934E-002   1.7695142145673337E-004
   2.5382020925110134E-004  0.10921829703233708        6.6197003580963250E-004   2.6847499999999934E-002   1.7695142145673337E-004
   2.4896978021978020E-004  0.10920611552226980        6.6208253650773909E-004   2.6847499999999934E-002   1.7695142145673337E-004
   2.4414062500000000E-004  0.10919385602300842        6.6223600548171043E-004   2.6844999999999938E-002   1.7741052660283718E-004
   2.3933260393873071E-004  0.10918101456940491        6.6276692552648116E-004   2.6844999999999938E-002   1.7741052660283718E-004
   2.3454557860261988E-004  0.10916807168334966        6.6304878848196381E-004   2.6844999999999938E-002   1.7741052660283718E-004
   2.2977941176470593E-004  0.10915737040288154        6.6326099564660730E-004   2.6844999999999938E-002   1.7741052660283718E-004
   2.2503396739130413E-004  0.10914444890558295        6.6355475615400064E-004   2.6844999999999938E-002   1.7741052660284114E-004
   2.2030911062906723E-004  0.10913463588284777        6.6358591570917413E-004   2.6844999999999938E-002   1.7741052660283718E-004
   2.1560470779220797E-004  0.10912448953603994        6.6364014611909247E-004   2.6844999999999938E-002   1.7741052660284114E-004
   2.1092062634989195E-004  0.10911367563053041        6.6375615303114032E-004   2.6844999999999938E-002   1.7741052660284114E-004
   2.0625673491379316E-004  0.10910259624921329        6.6395821201151205E-004   2.6842499999999932E-002   1.7754836444523167E-004
   2.0161290322580653E-004  0.10909144986345995        6.6406821023643175E-004   2.6839999999999933E-002   1.7761466633410276E-004
   1.9698900214592261E-004  0.10907796614210305        6.6415229832885109E-004   2.6837499999999938E-002   1.7760951238289844E-004
   1.9238490364025711E-004  0.10906794506010366        6.6416858644260317E-004   2.6837499999999938E-002   1.7760951238289844E-004
   1.8780048076923097E-004  0.10905632032236000        6.6422950539654808E-004   2.6834999999999939E-002   1.7735500551097956E-004
   1.8323560767590603E-004  0.10904647879062064        6.6424632952601266E-004   2.6834999999999939E-002   1.7735500551097956E-004
   1.7869015957446823E-004  0.10903480460656922        6.6422374833993638E-004   2.6834999999999939E-002   1.7735500551097956E-004
   1.7416401273885346E-004  0.10902176413608478        6.6427684962758497E-004   2.6834999999999939E-002   1.7735500551097956E-004
   1.6965704449152562E-004  0.10901159978063671        6.6432968422728579E-004   2.6832499999999940E-002   1.7763368134302430E-004
   1.6516913319238914E-004  0.10900102479640994        6.6447670047142782E-004   2.6832499999999940E-002   1.7763368134302430E-004
   1.6070015822784809E-004  0.10899014487371524        6.6453462429825008E-004   2.6832499999999940E-002   1.7763368134302430E-004
   1.5625000000000014E-004  0.10897946440953926        6.6443928720768598E-004   2.6829999999999937E-002   1.7794704694136721E-004
   1.5181853991596628E-004  0.10896756045151218        6.6441637454949551E-004   2.6822499999999937E-002   1.7778430780305193E-004
   1.4740566037735846E-004  0.10895551169809911        6.6443519852976360E-004   2.6819999999999938E-002   1.7784768196352346E-004
   1.4301124476987469E-004  0.10894515153047568        6.6439999027978936E-004   2.6819999999999938E-002   1.7784768196352346E-004
   1.3863517745302733E-004  0.10893381066662787        6.6446019973751664E-004   2.6819999999999938E-002   1.7784768196352346E-004
   1.3427734375000017E-004  0.10892446707570898        6.6437861921384901E-004   2.6817499999999935E-002   1.7783969486790096E-004
   1.2993762993762994E-004  0.10891321320057289        6.6443918707305449E-004   2.6817499999999935E-002   1.7783969486790096E-004
   1.2561592323651451E-004  0.10889923660856099        6.6462173769379538E-004   2.6817499999999935E-002   1.7783969486790492E-004
   1.2131211180124203E-004  0.10889022513955085        6.6467040290289683E-004   2.6814999999999936E-002   1.7779584819776906E-004
   1.1702608471074374E-004  0.10888008941562170        6.6476685994790413E-004   2.6812499999999937E-002   1.7807099792787730E-004
   1.1275773195876292E-004  0.10886958531902179        6.6469802639369953E-004   2.6809999999999938E-002   1.7781360118864739E-004
   1.0850694444444449E-004  0.10885911835113544        6.6492549786802938E-004   2.6809999999999938E-002   1.7781360118864739E-004
   1.0427361396303904E-004  0.10884995023531857        6.6504109830818516E-004   2.6809999999999938E-002   1.7781360118864739E-004
   1.0005763319672137E-004  0.10883684351867547        6.6505086436740809E-004   2.6807499999999936E-002   1.7830058464528390E-004
   9.5858895705521353E-005  0.10882458933022229        6.6572950733621741E-004   2.6807499999999936E-002   1.7830058464528390E-004
   9.1677295918367145E-005  0.10881536606879838        6.6575417422437056E-004   2.6807499999999936E-002   1.7830058464528390E-004
   8.7512729124236341E-005  0.10880551552952550        6.6592179476269542E-004   2.6807499999999936E-002   1.7830058464528390E-004
   8.3365091463414708E-005  0.10879619950542566        6.6594264585670784E-004   2.6804999999999937E-002   1.7836165167400687E-004
   7.9234279918864205E-005  0.10878608194187263        6.6594758192587864E-004   2.6804999999999937E-002   1.7836165167400687E-004
   7.5120192307692474E-005  0.10877678333769555        6.6610430473508790E-004   2.6804999999999937E-002   1.7836165167400687E-004
   7.1022727272727296E-005  0.10876739791249347        6.6604383683900137E-004   2.6804999999999937E-002   1.7836165167400687E-004
   6.6941784274193381E-005  0.10875794135411290        6.6604406310799428E-004   2.6804999999999937E-002   1.7836165167400687E-004
   6.2877263581488912E-005  0.10874889462950088        6.6607488287351443E-004   2.6804999999999937E-002   1.7836165167400687E-004
   5.8829066265060105E-005  0.10873992194504192        6.6608255089127728E-004   2.6804999999999937E-002   1.7836165167400687E-004
   5.4797094188376808E-005  0.10873095766347513        6.6607618385956260E-004   2.6802499999999934E-002   1.7820991906324128E-004
   5.0781250000000045E-005  0.10872063929195028        6.6611951195125207E-004   2.6799999999999935E-002   1.7841190565881366E-004
   4.6781437125748438E-005  0.10871145658779360        6.6615306423044546E-004   2.6797499999999936E-002   1.7843649664049844E-004
   4.2797559760956137E-005  0.10870230229141860        6.6601650917045402E-004   2.6794999999999937E-002   1.7824835131768582E-004
   3.8829522862823124E-005  0.10869254268304111        6.6595217377899427E-004   2.6794999999999937E-002   1.7824835131768582E-004
   3.4877232142857019E-005  0.10868291350187791        6.6599447989867814E-004   2.6794999999999937E-002   1.7824835131768582E-004
   3.0940594059405968E-005  0.10867493691880263        6.6596765627235943E-004   2.6794999999999937E-002   1.7824835131768582E-004
   2.7019515810276524E-005  0.10866671468702385        6.6602523312743749E-004   2.6794999999999937E-002   1.7824835131768582E-004
   2.3113905325443905E-005  0.10865834785421705        6.6608871775238434E-004   2.6794999999999937E-002   1.7824835131768582E-004
   1.9223671259842486E-005  0.10864893064450300        6.6608153212657502E-004   2.6794999999999937E-002   1.7824835131768582E-004
   1.5348722986247357E-005  0.10864061510196130        6.6610294286676504E-004   2.6794999999999937E-002   1.7824835131768582E-004
   1.1488970588235253E-005  0.10863194886915896        6.6610720191275690E-004   2.6794999999999937E-002   1.7824835131768582E-004
   7.6443248532291792E-006  0.10862313158561386        6.6614596229547360E-004   2.6794999999999937E-002   1.7824835131768582E-004
   3.8146972656250000E-006  0.10861566624486477        6.6616390097909558E-004   2.6794999999999937E-002   1.7824835131768582E-004
   0.0000000000000000       0.10860826864795581        6.6615779675948663E-004   2.6792499999999938E-002   1.7805965264199410E-004
