   1.0000000000000000        1.5726136035373395        4.6311639531045499E-003  0.19433593749999989        2.0174653368855494E-003
  0.99804687500000000        1.5854037756829211        4.6090153332580030E-003  0.19628906249999992        1.7143098279935691E-003
  0.99609375000000000        1.5733487186797539        4.7224685346617763E-003  0.19460937499999992        1.9419503558280623E-003
  0.99414062500000000        1.5698432731072394        4.7994803374982204E-003  0.19230468749999993        2.0170680310879372E-003
  0.99218750000000000        1.5650278725426880        5.0946713488893777E-003  0.19089843749999991        2.0351729491331428E-003
  0.99023437500000000        1.5638196662032819        4.9888245042520683E-003  0.19425781249999990        1.9854917558198648E-003
  0.98828125000000000        1.5664580274099162        5.1098294183663500E-003  0.19207031249999990        2.0573178879705221E-003
  0.98632812500000000        1.5647824846629428        5.3704187938861210E-003  0.19156249999999994        1.9022898299738168E-003
  0.98437500000000000        1.5564401577145270        5.0689795081382523E-003  0.19320312499999992        2.0304455234828457E-003
  0.98242187500000000        1.5598835556968509        4.3828077253269555E-003  0.19136718749999990        1.9043750287477631E-003
  0.98046875000000000        1.5502072869390175        5.2804804464043420E-003  0.18999999999999992        1.7588161767034972E-003
  0.97851562500000000        1.5471888594205836        5.0033132387613593E-003  0.18800781249999990        1.6278692965874149E-003
  0.97656250000000000        1.5411270898890361        5.2732960710306217E-003  0.18835937499999988        2.2191606489736304E-003
  0.97460937500000000        1.5349403816604634        5.0686287860214323E-003  0.18664062499999989        2.0305669743240903E-003
  0.97265625000000000        1.5312800118660119        5.3879880313009582E-003  0.18488281249999994        1.8085327737363654E-003
  0.97070312500000000        1.5305656451053935        4.7334885114907362E-003  0.18519531249999990        1.8085668627464996E-003
  0.96875000000000000        1.5290343075780228        5.1790228628850899E-003  0.18546874999999993        1.8807453537208359E-003
  0.96679687500000000        1.5264526472746882        5.4656375319322567E-003  0.18265624999999994        2.1568469200115184E-003
  0.96484375000000000        1.5278267693414100        6.1250592220378668E-003  0.18527343749999989        2.0371410482268029E-003
  0.96289062500000000        1.5273414462734567        5.1646165800223447E-003  0.18359374999999992        2.1738446894617536E-003
  0.96093750000000000        1.5248738754652167        5.5118253437847721E-003  0.18398437499999992        1.7952273407617586E-003
  0.95898437500000000        1.5153475542977382        5.1719355549579727E-003  0.18144531249999993        2.0273726773762128E-003
  0.95703125000000000        1.5164677172595638        5.1461006406201904E-003  0.18195312499999994        2.0678729134561238E-003
  0.95507812500000000        1.5124642169725186        4.9907420368449380E-003  0.17832031249999994        1.8400632639827934E-003
  0.95312500000000000        1.5053749466664976        5.1914310280660857E-003  0.17874999999999994        2.0073133136775893E-003
  0.95117187500000000        1.5008461205170540        5.5117944650230509E-003  0.17871093749999992        1.9155757649244761E-003
  0.94921875000000000        1.4974735696432233        5.2096229555936898E-003  0.17921874999999993        2.2961012963704547E-003
  0.94726562500000000        1.5037418732027439        6.1490785041957126E-003  0.17609374999999994        1.8310828990881320E-003
  0.94531250000000000        1.4998695131205790        5.6174838169682790E-003  0.17601562499999993        2.0398365280285052E-003
  0.94335937500000000        1.4987294675767127        5.4354242206098450E-003  0.17464843749999992        1.8699088801678754E-003
  0.94140625000000000        1.4823085113134831        5.5838791237740769E-003  0.17269531249999992        2.1945170361376454E-003
  0.93945312500000000        1.4772731251028761        5.4641993391507920E-003  0.17046874999999992        2.1535572320182314E-003
  0.93750000000000000        1.4794976727010924        5.0392452768250884E-003  0.17242187499999992        2.0095388107348139E-003
  0.93554687500000000        1.4860282435814987        4.6227026221930300E-003  0.17374999999999993        1.8250123235365630E-003
  0.93359375000000000        1.4814962516083097        5.2459587947531784E-003  0.17042968749999993        1.9775578775876592E-003
  0.93164062500000000        1.4791114769717066        4.8045232273041024E-003  0.17359374999999994        2.0364335085287597E-003
  0.92968750000000000        1.4837737645462443        5.5074221177637845E-003  0.17269531249999992        2.0469832781812216E-003
  0.92773437500000000        1.4817069425610736        4.6300968323911267E-003  0.17472656249999993        2.0078775954348914E-003
  0.92578125000000000        1.4691450411499465        5.0243244863058386E-003  0.17062499999999992        1.7556234616089681E-003
  0.92382812500000000        1.4624651192176747        5.4339263117014489E-003  0.16749999999999993        1.8483413663342204E-003
  0.92187500000000000        1.4545553760123378        5.3216661058071366E-003  0.16632812499999994        1.6896826104393745E-003
  0.91992187500000000        1.4499726274686759        4.8697386740771146E-003  0.16617187499999994        1.8691875131826639E-003
  0.91796875000000000        1.4468785507695154        4.3183770652483440E-003  0.16421874999999994        1.8380057324722302E-003
  0.91601562500000000        1.4457192424429315        4.2784256403575194E-003  0.16648437499999993        1.8940562819043370E-003
  0.91406250000000000        1.4484346405374999        5.5838770739237639E-003  0.16175781249999993        1.9732197024459200E-003
  0.91210937500000000        1.4524135128707882        5.0510219983485212E-003  0.16695312499999992        2.1457419672001802E-003
  0.91015625000000000        1.4508326055560621        5.3560059489287668E-003  0.16480468749999994        2.1263137174591601E-003
  0.90820312500000000        1.4477854789000821        5.4305982195093951E-003  0.16550781249999993        1.9697485430174070E-003
  0.90625000000000000        1.4284589368748355        4.8030349853474220E-003  0.16378906249999992        1.8928149035118541E-003
  0.90429687500000000        1.4270899575131779        4.8466044593574713E-003  0.16035156249999993        1.9316009381199755E-003
  0.90234375000000000        1.4374520914528623        5.0384067568394492E-003  0.16308593749999992        1.4922403839324912E-003
  0.90039062500000000        1.4344509222193014        4.5318639113504098E-003  0.16273437499999993        1.9457879867452667E-003
  0.89843750000000000        1.4211713203588610        5.2335094695235276E-003  0.15796874999999994        1.7873284776786676E-003
  0.89648437500000000        1.4177923676642257        5.1989452528368920E-003  0.15691406249999995        1.9416923919135839E-003
  0.89453125000000000        1.4193855476892312        4.5062079809160297E-003  0.15675781249999995        1.7694184061477964E-003
  0.89257812500000000        1.4189054602866826        4.7133568050747501E-003  0.15874999999999995        1.6890804654642478E-003
  0.89062500000000000        1.4131742854624521        4.8301809823559846E-003  0.15949218749999994        1.6254057122099951E-003
  0.88867187500000000        1.4070363873215630        5.6128651084138984E-003  0.15425781249999995        1.9523317517926137E-003
  0.88671875000000000        1.4029574323521892        5.0424758044714316E-003  0.15460937499999994        1.7768287823035633E-003
  0.88476562500000000        1.4116585164537343        5.4452605966715624E-003  0.15699218749999994        1.9884704256389984E-003
  0.88281250000000000        1.3966747887954931        5.1242908614679197E-003  0.15539062499999998        1.7641187035873946E-003
  0.88085937500000000        1.3983778786476997        5.8291699743583825E-003  0.15445312499999997        1.8913200992853071E-003
  0.87890625000000000        1.3899232413425628        5.3284078660979905E-003  0.14941406249999994        1.8953537717116332E-003
  0.87695312500000000        1.3811165984594098        5.2229104415106387E-003  0.14992187499999995        1.9167059088949859E-003
  0.87500000000000000        1.3710908494072931        5.1110235100706855E-003  0.14886718749999994        1.7722384340255804E-003
  0.87304687500000000        1.3747851877206685        5.0630196491613082E-003  0.14718749999999994        1.7582552402591808E-003
  0.87109375000000000        1.3691978318323215        4.8336873042018474E-003  0.14472656249999996        1.7286351624155537E-003
  0.86914062500000000        1.3715425331236226        5.3788065156105871E-003  0.14644531249999995        1.8568398957575349E-003
  0.86718750000000000        1.3634029261169507        4.7114826569265118E-003  0.14496093749999997        1.8496875895933132E-003
  0.86523437500000000        1.3640207713738743        5.0097025342254369E-003  0.14714843749999995        2.0156921370758163E-003
  0.86328125000000000        1.3644465257598222        5.1520751517160511E-003  0.14527343749999996        1.9642949219814865E-003
  0.86132812500000000        1.3573320891237994        5.0641272237263012E-003  0.14632812499999995        1.7446503221807831E-003
  0.85937500000000000        1.3522539931880657        4.8767287346287358E-003  0.14468749999999994        1.7904302243476357E-003
  0.85742187500000000        1.3562782306074570        5.2480441842975220E-003  0.14324218749999995        1.7185123443935317E-003
  0.85546875000000000        1.3463735337757914        4.8937798903404810E-003  0.14128906249999995        1.6405075640388823E-003
  0.85351562500000000        1.3345863422845563        5.4624057356750331E-003  0.14085937499999995        1.7903441372799215E-003
  0.85156250000000000        1.3409281780771145        4.9685406309185305E-003  0.13999999999999996        1.5798827906715151E-003
  0.84960937500000000        1.3380850164521576        5.0381108642341315E-003  0.13874999999999996        1.7822852741946186E-003
  0.84765625000000000        1.3295423376861422        5.1595605213667446E-003  0.13835937499999995        1.8968210203991272E-003
  0.84570312500000000        1.3224690094463538        4.8498691510522511E-003  0.13484374999999996        1.5835466986420777E-003
  0.84375000000000000        1.3226654405068461        4.5195162575964749E-003  0.13523437499999996        1.6289341157264326E-003
  0.84179687500000000        1.3291745182137944        5.0639077502758574E-003  0.13859374999999996        1.6134373988162386E-003
  0.83984375000000000        1.3287134523997428        5.8813973633488337E-003  0.13910156249999997        1.7765815447883086E-003
  0.83789062500000000        1.3182659632139078        5.0958441478799075E-003  0.13406249999999997        1.7704851484790188E-003
  0.83593750000000000        1.3111092742347135        5.5200794313962206E-003  0.13183593749999997        1.9107420048955763E-003
  0.83398437500000000        1.3124507987972129        5.8268273960467246E-003  0.13335937499999997        2.1032282776658803E-003
  0.83203125000000000        1.3128369049984554        5.6699404951479730E-003  0.13363281249999998        1.8257004920672060E-003
  0.83007812500000000        1.3013277399214798        4.5660224454585003E-003  0.13234374999999995        1.6075037235649507E-003
  0.82812500000000000        1.2952940076346473        5.0411140464827874E-003  0.13031249999999997        1.8225107773232774E-003
  0.82617187500000000        1.2884863338350172        4.9380626176426237E-003  0.12781250000000000        1.6932363686893727E-003
  0.82421875000000000        1.2797827158793451        5.0849245042822837E-003  0.12738281249999997        1.6252539850439209E-003
  0.82226562500000000        1.2820888275989943        5.1503124337332878E-003  0.12820312499999997        1.8839387362050649E-003
  0.82031250000000000        1.2807000705131517        4.8965623722665693E-003  0.12847656249999997        1.6032938258392867E-003
  0.81835937500000000        1.2772658113552551        4.5910074083482175E-003  0.12816406249999995        1.8751767264672706E-003
  0.81640625000000000        1.2736990608370686        5.0642663638148077E-003  0.12382812499999998        1.7054083595496716E-003
  0.81445312500000000        1.2660916539490634        5.6991803450792662E-003  0.12261718749999999        1.8613168322941221E-003
  0.81250000000000000        1.2661801307083607        5.4219020570470955E-003  0.12511718749999998        1.8359374999999769E-003
  0.81054687500000000        1.2629926708933128        5.2488123418039847E-003  0.12554687499999997        1.7723471415029308E-003
  0.80859375000000000        1.2639098963986222        4.7832731959696461E-003  0.12191406249999998        1.5794681175032403E-003
  0.80664062500000000        1.2595538332165699        5.2824157483853263E-003  0.12257812499999998        1.7307781886814124E-003
  0.80468750000000000        1.2544420277391037        4.9539375192539795E-003  0.11941406249999999        1.8928149035118841E-003
  0.80273437500000000        1.2550428212512463        4.6355167740392712E-003  0.12179687499999999        1.6871265778844930E-003
  0.80078125000000000        1.2529934324904630        4.4898148875663858E-003  0.12164062499999999        1.5684270475756483E-003
  0.79882812500000000        1.2451401394761559        4.7980435732035689E-003  0.11929687499999998        1.4556887208426838E-003
  0.79687500000000000        1.2297567213175093        5.1007769190851825E-003  0.11468750000000000        1.5689183201783904E-003
  0.79492187500000000        1.2258862570569686        5.1485473672940613E-003  0.11531249999999998        1.8317561656106117E-003
  0.79296875000000000        1.2120361772595409        5.0241846624428637E-003  0.11230468749999999        1.8617142611939720E-003
  0.79101562500000000        1.2182273174515519        5.0786030191338075E-003  0.11382812499999999        1.7973895837615002E-003
  0.78906250000000000        1.2143496123373820        5.2011344714370791E-003  0.11230468750000000        1.9851191078314209E-003
  0.78710937500000000        1.2178427934163869        5.5947130784795894E-003  0.11207031250000000        1.9884704256390214E-003
  0.78515625000000000        1.2103670314760058        5.2325946411204615E-003  0.10917968750000000        1.5509903981264510E-003
  0.78320312500000000        1.2087524241366416        5.1433743415497130E-003  0.11160156249999999        1.6103536591789362E-003
  0.78125000000000000        1.1986120249000829        5.2072613422731850E-003  0.10925781249999998        1.7788011129476877E-003
  0.77929687500000000        1.1863777903010688        4.9724429340020238E-003  0.10542968749999999        1.7162148069783008E-003
  0.77734375000000000        1.1885663903503392        5.0311202766060038E-003  0.10472656249999998        1.7440097114236742E-003
  0.77539062500000000        1.1867341693120139        4.9453440432506391E-003  0.10753906249999998        1.6890211516958429E-003
  0.77343750000000000        1.1814841994894614        5.0113678323491445E-003  0.10476562500000000        1.6733670652517910E-003
  0.77148437500000000        1.1785597250146862        5.7300873727864823E-003  0.10335937499999998        1.7098491115811992E-003
  0.76953125000000000        1.1755428454050689        5.0620513478857997E-003  0.10277343749999998        1.6439238644630782E-003
  0.76757812500000000        1.1643127655838479        4.6867584531244660E-003  0.10125000000000001        1.5018204966948973E-003
  0.76562500000000000        1.1691414060686585        5.1539758648602389E-003  0.10140625000000000        1.6581369087644922E-003
  0.76367187500000000        1.1600706517424073        4.7472683725107417E-003   9.9687499999999998E-002   1.5411259033167070E-003
  0.76171875000000000        1.1515987897287530        4.7593860476512120E-003   9.7773437499999977E-002   1.5922582501058061E-003
  0.75976562500000000        1.1432873842845677        4.7613629625372789E-003   9.4492187500000005E-002   1.4217013349239111E-003
  0.75781250000000000        1.1458457222086686        5.3098640022025056E-003   9.7812499999999997E-002   1.5163643346684699E-003
  0.75585937500000000        1.1501456916001098        5.6077432150567130E-003   9.7148437500000004E-002   1.6754611940808662E-003
  0.75390625000000000        1.1533941261463405        5.5616652271252027E-003   9.7343750000000007E-002   1.8768075777840828E-003
  0.75195312500000000        1.1403969917210219        5.2262095704541829E-003   9.6054687499999999E-002   1.5948116991868703E-003
  0.75000000000000000        1.1347395583661257        4.7921297794679737E-003   9.5468750000000005E-002   1.3894904789293638E-003
  0.74804687500000000        1.1280935722749061        5.0560875663091930E-003   9.1132812499999993E-002   1.5144674895649561E-003
  0.74609375000000000        1.1195521583096504        4.8499620538656821E-003   9.0976562500000024E-002   1.5309059198424756E-003
  0.74414062500000000        1.1167077007964790        4.5454427233391171E-003   9.1015625000000017E-002   1.4451471974129913E-003
  0.74218750000000000        1.1145678332470921        5.9785825112384618E-003   9.0820312500000000E-002   1.6056761502320186E-003
  0.74023437500000000        1.1135380439147569        4.4279362506099013E-003   8.9453124999999994E-002   1.4673733944771674E-003
  0.73828125000000000        1.1054488060804639        4.1164478687711467E-003   8.8320312499999998E-002   1.4359403852148985E-003
  0.73632812500000000        1.1089878728635787        4.6450035015746603E-003   8.9999999999999997E-002   1.5445624421260116E-003
  0.73437500000000000        1.0977124877785531        4.4548451745164523E-003   8.8398437499999996E-002   1.4863206198417835E-003
  0.73242187500000000        1.0912180428764884        4.8597623488045574E-003   8.7031250000000004E-002   1.5216001206241169E-003
  0.73046875000000000        1.0994221765755305        4.8358831686328230E-003   8.7578125000000007E-002   1.4586080977630179E-003
  0.72851562500000000        1.0878701042140639        4.7705272006465706E-003   8.3945312500000022E-002   1.4705159015964882E-003
  0.72656250000000000        1.0857346124091587        5.1580900982926541E-003   8.5195312499999995E-002   1.7109980358046765E-003
  0.72460937500000000        1.0822335403720709        5.1305281261158301E-003   8.2500000000000004E-002   1.6189685682752235E-003
  0.72265625000000000        1.0866315716582071        4.8931627297272937E-003   8.4960937500000000E-002   1.6266569213272061E-003
  0.72070312500000000        1.0733100669234539        4.7294695824984766E-003   8.2539062500000024E-002   1.4495718530835868E-003
  0.71875000000000000        1.0698919215907623        4.6966559571501726E-003   8.1484375000000012E-002   1.4700179555416587E-003
  0.71679687500000000        1.0642687848331167        4.2302029814263280E-003   7.8593750000000004E-002   1.3580309810595984E-003
  0.71484375000000000        1.0576095043939153        4.5056330651034116E-003   7.7734375000000008E-002   1.3491722072176504E-003
  0.71289062500000000        1.0417188391027128        4.9648414898903846E-003   7.3671875000000012E-002   1.4731600525950605E-003
  0.71093750000000000        1.0484936133007343        3.8961032300545663E-003   7.5039062500000003E-002   1.2356327401078643E-003
  0.70898437500000000        1.0360131374308461        4.4206159574572083E-003   7.4101562500000009E-002   1.4461653742139755E-003
  0.70703125000000000        1.0292441377437604        4.1832710082635258E-003   7.3632812500000006E-002   1.3839943695301287E-003
  0.70507812500000000        1.0316965927049226        4.5536619724650352E-003   7.4257812500000006E-002   1.4084129952562790E-003
  0.70312500000000000        1.0330229443334149        5.2668230974013842E-003   7.2382812500000004E-002   1.4050822434696990E-003
  0.70117187500000000        1.0245769574539352        5.2411943553578189E-003   7.0976562500000007E-002   1.5001518609338632E-003
  0.69921875000000000        1.0301732528849463        4.7280525908491595E-003   7.2578125000000007E-002   1.3373306926377528E-003
  0.69726562500000000        1.0134830705223989        4.4109264887928507E-003   6.9101562500000005E-002   1.4042483211101245E-003
  0.69531250000000000        1.0112110016256317        4.4478257696685007E-003   6.7109375000000013E-002   1.4060965474636314E-003
  0.69335937500000000        1.0051819440837109        5.2355660943800494E-003   6.7148437500000005E-002   1.4842867381388409E-003
  0.69140625000000000       0.99285877678926782        4.2782424327596014E-003   6.5000000000000002E-002   1.3342614844792098E-003
  0.68945312500000000       0.99660626238172068        4.1064144009621681E-003   6.6523437500000004E-002   1.4333189755904229E-003
  0.68750000000000000       0.99187217745482770        4.8665571921752129E-003   6.5117187500000007E-002   1.4605880415783626E-003
  0.68554687500000000       0.98849872339958478        4.3834069993724262E-003   6.3945312500000004E-002   1.2423006547470912E-003
  0.68359375000000000       0.98115318446909061        4.1712903848425114E-003   6.3789062500000007E-002   1.3174460658721555E-003
  0.68164062500000000       0.97884422508523994        4.2227660192902319E-003   6.2617187500000004E-002   1.3548209648176037E-003
  0.67968750000000000       0.97501136271504651        4.9628548329415326E-003   6.1210937500000007E-002   1.2489823331375009E-003
  0.67773437500000000       0.96856355125236637        4.5080571504294981E-003   6.1601562500000012E-002   1.5751294749346066E-003
  0.67578125000000000       0.96591148969557983        4.4258852535338207E-003   5.9882812500000007E-002   1.3139316517745679E-003
  0.67382812500000000       0.96138467292706753        4.1556848457151730E-003   5.9062500000000011E-002   1.2418353143298349E-003
  0.67187500000000000       0.96066006808343107        4.9316900324275683E-003   5.9804687500000009E-002   1.3205310133864126E-003
  0.66992187500000000       0.95530130099062605        4.6703961153557270E-003   5.6406250000000012E-002   1.2603638387376399E-003
  0.66796875000000000       0.95064115772437008        4.4547167547654212E-003   5.6875000000000009E-002   1.2294114098920417E-003
  0.66601562500000000       0.93596367321207685        4.8210141499602224E-003   5.4570312500000009E-002   1.4933554679914603E-003
  0.66406250000000000       0.93311257508131051        4.7189828679247529E-003   5.3398437500000007E-002   1.4024471149231463E-003
  0.66210937500000000       0.93158988300531820        4.5698865211505398E-003   5.2812500000000012E-002   1.2955327650052023E-003
  0.66015625000000000       0.92331689436456055        4.5824612624665254E-003   5.2304687500000009E-002   1.2225912638641600E-003
  0.65820312500000000       0.92243614134020901        4.1017129491219672E-003   5.2890625000000011E-002   1.3084833244340491E-003
  0.65625000000000000       0.91966675015037069        4.5299506697253893E-003   5.1367187500000008E-002   1.3294647042097767E-003
  0.65429687500000000       0.91770723897305895        4.1688783255467345E-003   5.2695312500000008E-002   1.2871959052194945E-003
  0.65234375000000000       0.91522174980603199        4.6412600687339451E-003   5.0585937500000011E-002   1.2653129583996736E-003
  0.65039062500000000       0.90430290208354203        4.2282875384641551E-003   5.0507812500000006E-002   1.0883465349063332E-003
  0.64843750000000000       0.90424177244842052        4.1526457724059664E-003   4.8710937500000009E-002   1.0153745684834351E-003
  0.64648437500000000       0.89958979768032588        4.3662573346860386E-003   4.7734375000000009E-002   1.0902213552199070E-003
  0.64453125000000000       0.89277493194790614        4.0509862887481533E-003   4.7773437500000009E-002   1.2098678682571497E-003
  0.64257812500000000       0.88635316520038343        4.5668377983601165E-003   4.7109375000000009E-002   1.1905602099341901E-003
  0.64062500000000000       0.88676049999969953        4.7392916123091006E-003   4.5976562500000012E-002   1.3078176289377254E-003
  0.63867187500000000       0.87886591872392106        5.1019877887602096E-003   4.6757812500000009E-002   1.4365413452924148E-003
  0.63671875000000000       0.87205001870970511        4.3249776582677179E-003   4.3867187500000009E-002   1.0948415706521092E-003
  0.63476562500000000       0.86632773810284247        4.0958148376880133E-003   4.1992187500000007E-002   1.1011863343328445E-003
  0.63281250000000000       0.86296735301713468        4.1126247864453486E-003   4.1406250000000006E-002   1.0694103673404604E-003
  0.63085937500000000       0.86009682060403170        3.8737997274265919E-003   4.0468750000000012E-002   1.0320340606777443E-003
  0.62890625000000000       0.85669388787861456        4.1189185673617002E-003   4.0898437500000009E-002   1.1452076782754309E-003
  0.62695312500000000       0.84730426889282329        4.2765591027264221E-003   4.0742187500000006E-002   1.1218200335251537E-003
  0.62500000000000000       0.84968414233884215        4.3496616897707192E-003   4.0195312500000011E-002   1.1163660494516905E-003
  0.62304687500000000       0.83993046990353348        4.2258877028162594E-003   3.7539062500000012E-002   9.9921640848696413E-004
  0.62109375000000000       0.83838982638313209        4.3146107586341824E-003   3.8359375000000015E-002   1.0885235426938366E-003
  0.61914062500000000       0.83491889969402666        4.3220234282231569E-003   3.7109375000000014E-002   1.1027598331125961E-003
  0.61718750000000000       0.82920096564244605        4.3333436649877505E-003   3.6289062500000011E-002   1.0136122124807354E-003
  0.61523437500000000       0.82416583696993218        4.2399995470934950E-003   3.5976562500000010E-002   9.8742381744480225E-004
  0.61328125000000000       0.82185745370784802        4.3193693082101605E-003   3.5273437500000011E-002   9.9853747760613744E-004
  0.61132812500000000       0.81961216767902612        4.1516946039539468E-003   3.4257812500000012E-002   9.5981536579640254E-004
  0.60937500000000000       0.80943655428439798        4.1350875784510795E-003   3.4023437500000010E-002   1.0698354527457535E-003
  0.60742187500000000       0.80724135485795823        4.2264376079949751E-003   3.2539062500000014E-002   9.7447693969102567E-004
  0.60546875000000000       0.80595453420011898        4.3257425644459401E-003   3.2187500000000015E-002   9.6024081411168086E-004
  0.60351562500000000       0.79966875096559986        3.9701156489102994E-003   3.0585937500000014E-002   9.6013647631400625E-004
  0.60156250000000000       0.78901549302196106        3.6814246551412841E-003   2.9804687500000010E-002   8.7373751984826629E-004
  0.59960937500000000       0.78537985109904640        3.9666633815251765E-003   2.9570312500000015E-002   9.4753253278531701E-004
  0.59765625000000000       0.78474171797496151        4.2438710451717793E-003   2.9296875000000010E-002   9.0125512010132028E-004
  0.59570312500000000       0.78069432706626674        3.9266656140787047E-003   3.0039062500000012E-002   9.5634050198507381E-004
  0.59375000000000000       0.77719628885656478        3.8037555206561352E-003   2.8515625000000013E-002   9.2987349329985247E-004
  0.59179687500000000       0.77400682087119177        3.6407543586783045E-003   2.8320312500000014E-002   9.8598672318657324E-004
  0.58984375000000000       0.77278446976229687        4.0257081204455071E-003   2.7890625000000013E-002   9.1402506560227768E-004
  0.58789062500000000       0.76744287582547277        3.9008785789058768E-003   2.6406250000000013E-002   7.9517265928904688E-004
  0.58593750000000000       0.75967563095384694        3.7385659234743045E-003   2.7265625000000009E-002   9.2067847362651504E-004
  0.58398437500000000       0.75920752437539119        4.1301481817804563E-003   2.5937500000000016E-002   9.0299780001438113E-004
  0.58203125000000000       0.75661685440012505        3.5659354566450743E-003   2.4335937500000019E-002   8.5627561791195238E-004
  0.58007812500000000       0.75187991269489263        3.8187335959804841E-003   2.5585937500000024E-002   9.1462349507578141E-004
  0.57812500000000000       0.74155692951770513        3.6271539233031676E-003   2.3867187500000022E-002   8.0437484732227989E-004
  0.57617187500000000       0.74171861411924989        3.9257200814758137E-003   2.3750000000000018E-002   7.6868044975684721E-004
  0.57421875000000000       0.73646778152735382        4.1072074743580050E-003   2.3632812500000024E-002   8.3350902208140492E-004
  0.57226562500000000       0.73168537596606276        4.0087229522922140E-003   2.2109375000000021E-002   7.8561752666342615E-004
  0.57031250000000000       0.72913650041717526        3.5990017148517643E-003   2.2187500000000023E-002   7.9664441355854624E-004
  0.56835937500000000       0.73094625279934067        3.7818071889527808E-003   2.2226562500000022E-002   8.9987738702081350E-004
  0.56640625000000000       0.72165867537880490        3.9095580583237057E-003   2.1796875000000021E-002   8.8864856900702695E-004
  0.56445312500000000       0.71744588964041400        3.7933520758516733E-003   2.0820312500000028E-002   8.9362112060373841E-004
  0.56250000000000000       0.71460966575370377        3.5065769133378151E-003   2.0273437500000026E-002   8.6137243477698243E-004
  0.56054687500000000       0.70709184351459908        3.6543916687963945E-003   1.9179687500000025E-002   7.3885732812084309E-004
  0.55859375000000000       0.70020147147295053        3.1212500690581363E-003   1.9062500000000031E-002   7.9354280780286729E-004
  0.55664062500000000       0.70464042484673006        3.8875809439399187E-003   1.9101562500000033E-002   8.0245642333758352E-004
  0.55468750000000000       0.69713565345385486        3.8643376419848752E-003   1.8476562500000033E-002   7.3206733317034416E-004
  0.55273437500000000       0.69734420254475638        3.5589623743028293E-003   1.9023437500000028E-002   7.8056906878322049E-004
  0.55078125000000000       0.69018133599837872        3.4350431175526491E-003   1.7421875000000038E-002   6.8545415585511175E-004
  0.54882812500000000       0.68871164467899149        3.2485808348932921E-003   1.7187500000000036E-002   7.4695892823312333E-004
  0.54687500000000000       0.68233157038598558        3.4566961677368890E-003   1.7617187500000034E-002   6.5339300766602856E-004
  0.54492187500000000       0.67983681285641961        3.3618133420767319E-003   1.7382812500000042E-002   7.4566817397992455E-004
  0.54296875000000000       0.67816619624926600        3.7857038097177413E-003   1.6992187500000037E-002   6.8983610431233534E-004
  0.54101562500000000       0.67317944345202763        3.7164492653011484E-003   1.6367187500000047E-002   7.9821966107580138E-004
  0.53906250000000000       0.66630806446067026        3.7518101844423212E-003   1.5859375000000044E-002   7.5275528982354160E-004
  0.53710937500000000       0.66465405423613788        3.3981154101177559E-003   1.5117187500000047E-002   6.5140851406909385E-004
  0.53515625000000000       0.65659119011428080        3.4044607393341640E-003   1.3242187500000058E-002   6.2296217259925392E-004
  0.53320312500000000       0.65378506285214355        3.1222780505158559E-003   1.2890625000000070E-002   6.3425323506717676E-004
  0.53125000000000000       0.65110289872620664        3.2656000924317446E-003   1.2695312500000061E-002   6.0915187494348306E-004
  0.52929687500000000       0.65009345629485571        3.1000189837919918E-003   1.2148437500000062E-002   5.7134070002913735E-004
  0.52734375000000000       0.64204736724514744        3.1294565194530158E-003   1.2343750000000065E-002   5.5996464957642773E-004
  0.52539062500000000       0.64573026638049991        2.9511430600182428E-003   1.2304687500000064E-002   5.7263412023848272E-004
  0.52343750000000000       0.64226734913391159        2.9868053473331561E-003   1.1328125000000076E-002   5.2525349745108265E-004
  0.52148437500000000       0.63472756150578380        2.8510240563877224E-003   1.1250000000000076E-002   5.8568755190766529E-004
  0.51953125000000000       0.63116117475754696        3.3752546451087709E-003   1.1796875000000075E-002   5.7426021868917294E-004
  0.51757812500000000       0.62424894257592445        3.2896176783341982E-003   1.0507812500000080E-002   5.3165544076415393E-004
  0.51562500000000000       0.61679336948196462        3.0796207502671018E-003   1.0312500000000079E-002   5.0740258805374112E-004
  0.51367187500000000       0.62051171624163748        3.0704090644910892E-003   9.6875000000000849E-003   4.7915637340722702E-004
  0.51171875000000000       0.61840160938974409        2.8980955748888317E-003   9.8437500000000851E-003   5.5376477082016832E-004
  0.50976562500000000       0.61016958406918820        3.1778845236293549E-003   9.2968750000000863E-003   4.9279401362782593E-004
  0.50781250000000000       0.61007273339488488        2.7030605283219710E-003   9.1406250000000879E-003   5.0649048487502464E-004
  0.50585937500000000       0.60260214440215920        2.6556674402013597E-003   8.1640625000000879E-003   4.6150960686312358E-004
  0.50390625000000000       0.60061014352581554        2.8224196625588425E-003   8.2031250000000888E-003   5.1037076556131639E-004
  0.50195312500000000       0.59581502217506310        3.1429558436158376E-003   8.0859375000000896E-003   4.7519960564667283E-004
  0.50000000000000000       0.59242278960909167        2.9386347531699733E-003   7.1484375000000931E-003   4.3736681211320331E-004
  0.49804687500000000       0.58781163062978015        3.0556037658522424E-003   6.9140625000000963E-003   4.0744636753362880E-004
  0.49609375000000000       0.58179560126102625        2.9071982514924381E-003   6.9921875000000964E-003   4.8177083333333091E-004
  0.49414062500000000       0.58263348583676688        2.9696656143927921E-003   7.6562500000000901E-003   5.2059653707952150E-004
  0.49218750000000000       0.58160501674185505        2.8715625520166653E-003   6.9921875000000912E-003   4.7532932641770870E-004
  0.49023437500000000       0.57770212297106327        3.1508557807654767E-003   7.0312500000000965E-003   4.4416815907418611E-004
  0.48828125000000000       0.57179536274680587        2.7017864995992347E-003   6.6015625000000952E-003   3.8343686199760667E-004
  0.48632812500000000       0.56585370448311900        2.7608519023004444E-003   5.8203125000001014E-003   4.2099067317302009E-004
  0.48437500000000000       0.56595620090679621        2.6851908202862951E-003   6.0546875000000991E-003   4.1315622900158953E-004
  0.48242187500000000       0.56557179694003634        2.7074566508510181E-003   5.8984375000000989E-003   3.7448917622648847E-004
  0.48046875000000000       0.55745168529415989        2.7521885803065641E-003   5.7812500000001014E-003   3.7028815901547437E-004
  0.47851562500000000       0.55802319643261089        2.6731582993215841E-003   5.9765625000001033E-003   3.8647974165770146E-004
  0.47656250000000000       0.55793972374607104        2.7525900699593223E-003   5.4687500000001003E-003   3.3312611930563969E-004
  0.47460937500000000       0.55167819474802970        2.6239258524304288E-003   5.2343750000001001E-003   3.7335563824230869E-004
  0.47265625000000000       0.55083751078375043        2.5616750624875102E-003   5.1171875000001000E-003   3.7118199874401538E-004
  0.47070312500000000       0.54369892944304854        2.8377405733746798E-003   5.0390625000001042E-003   3.6107876624640593E-004
  0.46875000000000000       0.53832972051877015        2.4000580545882797E-003   4.5703125000001064E-003   3.4250214709153221E-004
  0.46679687500000000       0.53485904731309464        2.7386303008007954E-003   4.2187500000001070E-003   3.4081043395697071E-004
  0.46484375000000000       0.53237825546925466        2.5115037352789974E-003   4.4531250000001020E-003   3.3321864149026128E-004
  0.46289062500000000       0.53125716723804206        2.2884137776667925E-003   4.2968750000001088E-003   2.8581194288943132E-004
  0.46093750000000000       0.52851927620554995        2.3017838442445119E-003   3.8671875000001088E-003   2.9637513572829729E-004
  0.45898437500000000       0.52279787411539869        2.3572115711484975E-003   4.3359375000001053E-003   3.6784508868871766E-004
  0.45703125000000000       0.52304043598988093        2.6206420377713228E-003   4.0625000000001068E-003   3.5947448666860291E-004
  0.45507812500000000       0.52093705936058743        2.7069314936922161E-003   3.6328125000001086E-003   3.0539084514796556E-004
  0.45312500000000000       0.51650745658788488        2.4977841563846191E-003   3.7890625000001048E-003   3.2589940108252152E-004
  0.45117187500000000       0.51146083561335942        2.5556967629103305E-003   3.5937500000001073E-003   3.2221331024335261E-004
  0.44921875000000000       0.51041528437637151        2.7754877588727278E-003   3.6718750000001065E-003   3.3229226037754416E-004
  0.44726562500000000       0.50652061280825533        2.6381453074969651E-003   3.3593750000001101E-003   3.1417245016177975E-004
  0.44531250000000000       0.50826743435499167        2.3323711570594494E-003   3.2812500000001105E-003   3.0772872744833112E-004
  0.44335937500000000       0.50563379436218792        2.7115453305286432E-003   3.4375000000001071E-003   3.2029421449408519E-004
  0.44140625000000000       0.50161692211954600        2.8599850906269302E-003   3.2421875000001083E-003   3.1434410900853629E-004
  0.43945312500000000       0.49820331700007003        2.4307637704750404E-003   3.3203125000001088E-003   3.1099206097110805E-004
  0.43750000000000000       0.49513282567427552        2.5030115929919471E-003   3.0468750000001094E-003   3.1200639678554732E-004
  0.43554687500000000       0.49170388954125932        2.1042582068531322E-003   2.9687500000001106E-003   2.8913607274189373E-004
  0.43359375000000000       0.48619807544879423        2.5006359344404649E-003   2.5000000000001111E-003   2.7492717412658902E-004
  0.43164062500000000       0.49019669552299028        2.0507943561865047E-003   2.5781250000001103E-003   2.8429798324383990E-004
  0.42968750000000000       0.48430926477775060        2.2012776906306592E-003   2.5390625000001094E-003   2.9575042018581789E-004
  0.42773437500000000       0.48319870827015599        2.4131626964470371E-003   2.5781250000001098E-003   3.0012179898082083E-004
  0.42578125000000000       0.47756724623722235        2.4079807999372663E-003   2.5000000000001089E-003   2.9126053975813749E-004
  0.42382812500000000       0.47349185415214268        2.6455676367770141E-003   2.3437500000001109E-003   2.8849568198281012E-004
  0.42187500000000000       0.47803312215992327        2.4285581821567440E-003   2.2265625000001139E-003   2.5596936429830825E-004
  0.41992187500000000       0.47232727665324670        2.2051494475046570E-003   2.3046875000001100E-003   2.8900277502020790E-004
  0.41796875000000000       0.47329903848691757        2.4507236365095440E-003   2.0312500000001141E-003   2.8570406896866581E-004
  0.41601562500000000       0.46766258248093706        2.4731695785892970E-003   2.0312500000001128E-003   2.5125945381480246E-004
  0.41406250000000000       0.46277125465499941        2.4663405453509307E-003   1.8750000000001144E-003   2.3867581744561615E-004
  0.41210937500000000       0.45980205387895479        2.2045072829798276E-003   1.9921875000001111E-003   2.5135145093284762E-004
  0.41015625000000000       0.46049798969595968        2.2510270660859068E-003   1.9921875000001128E-003   2.5741044177546009E-004
  0.40820312500000000       0.45530519575279693        2.4081863001179462E-003   2.0312500000001120E-003   2.6324224666510600E-004
  0.40625000000000000       0.45314670349836633        2.1836582727009367E-003   1.7578125000001124E-003   2.5061452840601428E-004
  0.40429687500000000       0.45102708004337516        2.4400239793747236E-003   1.9921875000001111E-003   2.8033991890381399E-004
  0.40234375000000000       0.44939440431899663        2.3101415832959740E-003   1.7187500000001121E-003   2.5027604709095604E-004
  0.40039062500000000       0.44671974282502291        2.3559847834586168E-003   1.6406250000001114E-003   2.4315417822366511E-004
  0.39843750000000000       0.44486406186288252        2.4083905800017322E-003   1.6015625000001124E-003   2.3617652535438814E-004
  0.39648437500000000       0.44164411726146080        2.1965791291649844E-003   1.8359375000001129E-003   2.3851432083233135E-004
  0.39453125000000000       0.44219033845174804        2.0130312828569728E-003   1.5234375000001145E-003   2.1427805172649959E-004
  0.39257812500000000       0.43469549008121500        2.1200591004802969E-003   1.4843750000001132E-003   2.2055196662251853E-004
  0.39062500000000000       0.43306132108162215        2.2586166717415727E-003   1.4843750000001141E-003   2.2055196662251839E-004
  0.38867187500000000       0.43079881124055708        2.3873421587589168E-003   1.4843750000001132E-003   2.1344925938515360E-004
  0.38671875000000000       0.42857956861845081        1.9788642465458552E-003   1.4062500000001138E-003   1.9645342268678726E-004
  0.38476562500000000       0.42557844573452697        2.1746706571638356E-003   1.4843750000001139E-003   2.1344925938515373E-004
  0.38281250000000000       0.42198271621833205        1.8287722886260577E-003   1.5625000000001144E-003   2.2208407953709376E-004
  0.38085937500000000       0.41884791341495875        2.0150500937962277E-003   1.4453125000001156E-003   1.9750973666623901E-004
  0.37890625000000000       0.41834435077646653        2.1953012279628701E-003   1.3671875000001146E-003   2.0305062498116039E-004
  0.37695312500000000       0.41661499347192982        2.2513237811776507E-003   1.3671875000001148E-003   2.0305062498116017E-004
  0.37500000000000000       0.41527012733745905        2.0921746329001087E-003   1.2500000000001132E-003   1.9136638615493566E-004
  0.37304687500000000       0.41293277612921675        2.4138424292652013E-003   1.2500000000001139E-003   1.9136638615493566E-004
  0.37109375000000000       0.40801237276230068        1.9707898009638457E-003   1.2890625000001150E-003   1.9277070806679423E-004
  0.36914062500000000       0.40765855403840440        1.9160455314291831E-003   1.2890625000001150E-003   1.9277070806679426E-004
  0.36718750000000000       0.40505565426623902        1.9478045846425926E-003   1.4453125000001136E-003   2.1967668748626190E-004
  0.36523437500000000       0.39945075686917941        1.8697704060108000E-003   1.3281250000001133E-003   2.0936651950260866E-004
  0.36328125000000000       0.40246238800793149        1.6508901101559223E-003   1.2109375000001138E-003   1.8987052371270476E-004
  0.36132812500000000       0.40014800909787807        1.8889197125516403E-003   1.1328125000001153E-003   1.9468016325329782E-004
  0.35937500000000000       0.39362892093538648        1.7198546516792377E-003   1.2109375000001138E-003   1.9782163537875893E-004
  0.35742187500000000       0.39460204909218383        1.8498666215953758E-003   1.0937500000001157E-003   1.8481078656509196E-004
  0.35546875000000000       0.38980313917007126        2.1131535112821993E-003   1.1328125000001148E-003   1.8659523658266517E-004
  0.35351562500000000       0.38548722353021753        1.7958657916749225E-003   1.1328125000001151E-003   1.8659523658266515E-004
  0.35156250000000000       0.38535471570180013        1.7890043536234047E-003   1.0937500000001146E-003   1.8481078656509202E-004
  0.34960937500000000       0.38351918194162293        1.8864303103414090E-003   1.0937500000001157E-003   1.8481078656509186E-004
  0.34765625000000000       0.38150243587219074        2.1541589443624049E-003   1.0546875000001130E-003   1.8292469901515554E-004
  0.34570312500000000       0.37949028499907311        1.9059275453729089E-003   1.0546875000001141E-003   1.8292469901515544E-004
  0.34375000000000000       0.37522869008388554        1.9518890469202052E-003   1.1328125000001148E-003   1.8659523658266531E-004
  0.34179687500000000       0.37379667930295102        1.8759781527098232E-003   1.1328125000001138E-003   1.9468016325329782E-004
  0.33984375000000000       0.37094712264837021        1.8700835231472486E-003   1.1718750000001153E-003   1.9629644829281456E-004
  0.33789062500000000       0.36516188079184758        1.9035612100988760E-003   1.0546875000001126E-003   1.8292469901515587E-004
  0.33593750000000000       0.36629284090727615        1.8314317862133083E-003   1.0546875000001150E-003   1.8292469901515546E-004
  0.33398437500000000       0.36699261530467581        1.6956764511782425E-003   9.7656250000011362E-004   1.6999771089423610E-004
  0.33203125000000000       0.36223532054383240        1.6961978059234881E-003   9.7656250000011493E-004   1.6999771089423610E-004
  0.33007812500000000       0.35590342422022397        1.7098165067335684E-003   9.7656250000011514E-004   1.6999771089423613E-004
  0.32812500000000000       0.35551000576445013        1.8694402639651865E-003   9.7656250000011666E-004   1.6999771089423608E-004
  0.32617187500000000       0.35497650898817978        1.8916026815128657E-003   9.7656250000011623E-004   1.6999771089423613E-004
  0.32421875000000000       0.35315925292623263        1.8001933305819672E-003   8.9843750000011561E-004   1.6521585339126959E-004
  0.32226562500000000       0.35052177051761740        1.8009971523789748E-003   9.3750000000011489E-004   1.7662317664388704E-004
  0.32031250000000000       0.35127897034946476        1.6704431325990387E-003   8.9843750000011583E-004   1.6521585339126973E-004
  0.31835937500000000       0.34520738892677566        1.8355936675854491E-003   9.3750000000011424E-004   1.6766980312145610E-004
  0.31640625000000000       0.34408260976772437        1.5354708295707942E-003   7.8125000000011356E-004   1.5703715863425174E-004
  0.31445312500000000       0.34313021366380797        1.5322127756296536E-003   7.8125000000011573E-004   1.5703715863425185E-004
  0.31250000000000000       0.33665194407251803        1.7501737703342461E-003   7.4218750000011667E-004   1.5401454859518066E-004
  0.31054687500000000       0.33358721593875434        1.5537257177940026E-003   7.4218750000011504E-004   1.6371641587808815E-004
  0.30859375000000000       0.33387868309690200        1.4031630133124935E-003   7.0312500000011555E-004   1.5082926549428482E-004
  0.30664062500000000       0.33290342985618693        1.4812945020331678E-003   7.0312500000011479E-004   1.5082926549428471E-004
  0.30468750000000000       0.32973439049580572        1.5757838669080266E-003   7.0312500000011533E-004   1.5082926549428479E-004
  0.30273437500000000       0.32496682109903291        1.5935125868933885E-003   7.0312500000011522E-004   1.5082926549428465E-004
  0.30078125000000000       0.32140695443653350        1.4891659888751478E-003   7.0312500000011436E-004   1.5082926549428479E-004
  0.29882812500000000       0.31893532423445553        1.4247772826570626E-003   7.0312500000011403E-004   1.5082926549428492E-004
  0.29687500000000000       0.31763309828424274        1.5718649664983584E-003   6.6406250000011562E-004   1.4747076877681133E-004
  0.29492187500000000       0.31736838886401414        1.3824423483595617E-003   6.6406250000011411E-004   1.4747076877681125E-004
  0.29296875000000000       0.31662854678151953        1.6962284459503467E-003   7.4218750000011309E-004   1.5401454859518068E-004
  0.29101562500000000       0.31566210346824269        1.3725714212685200E-003   6.6406250000011627E-004   1.4747076877681117E-004
  0.28906250000000000       0.31053464823772714        1.2361790877709303E-003   6.6406250000011313E-004   1.4747076877681122E-004
  0.28710937500000000       0.30854200072513677        1.4945657305164011E-003   6.2500000000011591E-004   1.4392693327244940E-004
  0.28515625000000000       0.30722683854914346        1.6275757749945672E-003   6.2500000000011602E-004   1.4392693327244937E-004
  0.28320312500000000       0.30384702708740763        1.4455823324122632E-003   5.8593750000011545E-004   1.4018370362602994E-004
  0.28125000000000000       0.30096916631978404        1.3918412845691963E-003   5.8593750000011404E-004   1.4018370362603000E-004
  0.27929687500000000       0.29629889457366260        1.3575013656501834E-003   5.4687500000011346E-004   1.3622464375772541E-004
  0.27734375000000000       0.29607688254707737        1.4381185010517532E-003   5.0781250000011581E-004   1.3203033944907464E-004
  0.27539062500000000       0.29466638950438812        1.5005118515004439E-003   5.0781250000011321E-004   1.3203033944907458E-004
  0.27343750000000000       0.29280561850943682        1.5071855547475132E-003   5.0781250000011223E-004   1.3203033944907469E-004
  0.27148437500000000       0.29172288443359484        1.5290460090512212E-003   5.0781250000011375E-004   1.3203033944907466E-004
  0.26953125000000000       0.28835332757981802        1.4724675881382151E-003   5.0781250000011527E-004   1.3203033944907448E-004
  0.26757812500000000       0.28568584838633504        1.4957726653158552E-003   5.0781250000011483E-004   1.3203033944907469E-004
  0.26562500000000000       0.28429937015466833        1.4457592184835676E-003   5.0781250000011462E-004   1.3203033944907458E-004
  0.26367187500000000       0.27857497940829518        1.4135870785310155E-003   5.0781250000011548E-004   1.3203033944907442E-004
  0.26171875000000000       0.27936210065036793        1.3381925085965353E-003   4.6875000000011458E-004   1.2757759076995721E-004
  0.25976562500000000       0.27670983011994849        1.3746168791300723E-003   4.6875000000011415E-004   1.2757759076995710E-004
  0.25781250000000000       0.27386662479179408        1.2802499310214930E-003   4.6875000000011496E-004   1.2757759076995723E-004
  0.25585937500000000       0.27231818148807535        1.3310426494169260E-003   4.6875000000011344E-004   1.2757759076995723E-004
  0.25390625000000000       0.27095831106253093        1.1231126326942608E-003   4.6875000000011523E-004   1.2757759076995713E-004
  0.25195312500000000       0.26657390727428215        1.3315619156819250E-003   4.6875000000011475E-004   1.2757759076995713E-004
  0.25000000000000000       0.26379730619106639        1.4259075716207968E-003   4.6875000000011263E-004   1.2757759076995715E-004
  0.24804687500000000       0.26036818415145463        1.1509898765313590E-003   4.6875000000011426E-004   1.2757759076995726E-004
  0.24609375000000000       0.26227139780162112        1.2686154111837867E-003   4.6875000000011361E-004   1.2757759076995718E-004
  0.24414062500000000       0.26022712354960520        1.1884357435343359E-003   4.6875000000011588E-004   1.2757759076995715E-004
  0.24218750000000000       0.25659805447524575        1.2176501942627444E-003   4.6875000000011583E-004   1.2757759076995732E-004
  0.24023437500000000       0.25404504384764598        1.3580740177157710E-003   4.6875000000011334E-004   1.2757759076995707E-004
  0.23828125000000000       0.25358598743581678        1.4744282828870019E-003   4.6875000000011540E-004   1.2757759076995721E-004
  0.23632812500000000       0.25059218257668392        1.4793423443164094E-003   4.6875000000011447E-004   1.2757759076995713E-004
  0.23437500000000000       0.24894821111143883        1.3699344728321952E-003   4.6875000000011469E-004   1.2757759076995707E-004
  0.23242187500000000       0.24499167864643109        1.2327835660772900E-003   4.2968750000011401E-004   1.2283829599032034E-004
  0.23046875000000000       0.24383088412666215        1.2594095552863169E-003   4.2968750000011444E-004   1.2283829599032020E-004
  0.22851562500000000       0.24156650580915490        1.1702522603903608E-003   4.2968750000011395E-004   1.2283829599032026E-004
  0.22656250000000000       0.23799699213079972        1.2353550914611675E-003   4.2968750000011449E-004   1.2283829599032026E-004
  0.22460937500000000       0.23854636270470558        1.2844786024061349E-003   4.2968750000011504E-004   1.2283829599032031E-004
  0.22265625000000000       0.23379941551295416        1.1633969146180342E-003   3.9062500000011392E-004   1.1777786897568891E-004
  0.22070312500000000       0.23425150210238141        1.0291462331062573E-003   3.5156250000011524E-004   1.1235292627525837E-004
  0.21875000000000000       0.23258623504948786        1.1381298594659802E-003   3.5156250000011459E-004   1.1235292627525837E-004
  0.21679687500000000       0.22959557076368789        1.2350053421623288E-003   3.5156250000011399E-004   1.1235292627525823E-004
  0.21484375000000000       0.22623302803316084        1.1956177397541886E-003   3.5156250000011323E-004   1.1235292627525830E-004
  0.21289062500000000       0.22506128301215717        1.1275673804541939E-003   3.5156250000011377E-004   1.1235292627525823E-004
  0.21093750000000000       0.22314786084858576        1.1373542421855155E-003   3.5156250000011589E-004   1.1235292627525830E-004
  0.20898437500000000       0.22090853075369396        1.0673784341293049E-003   3.5156250000011518E-004   1.1235292627525827E-004
  0.20703125000000000       0.21795656691029902        1.3019704528333359E-003   3.5156250000011421E-004   1.1235292627525842E-004
  0.20507812500000000       0.21567215800563772        1.1640894765794197E-003   3.5156250000011361E-004   1.1235292627525830E-004
  0.20312500000000000       0.21404523463449554        1.1920420996597105E-003   3.5156250000011274E-004   1.1235292627525849E-004
  0.20117187500000000       0.21082463943541224        1.2024731044548423E-003   3.5156250000011426E-004   1.1235292627525832E-004
  0.19921875000000000       0.20941903549228491        9.9096927370737010E-004   3.5156250000011253E-004   1.1235292627525837E-004
  0.19726562500000000       0.20753806466717797        1.0643974888970961E-003   3.5156250000011350E-004   1.1235292627525823E-004
  0.19531250000000000       0.20459797086597503        1.0024260013923500E-003   3.5156250000011421E-004   1.1235292627525826E-004
  0.19335937500000000       0.20535273221398662        1.0410935482166948E-003   3.5156250000011540E-004   1.1235292627525830E-004
  0.19140625000000000       0.20117660882578423        1.1220947183084794E-003   3.5156250000011350E-004   1.1235292627525830E-004
  0.18945312500000000       0.19968734752649497        1.1006541558913616E-003   3.5156250000011426E-004   1.1235292627525834E-004
  0.18750000000000000       0.19649866649154979        1.0605176092272060E-003   3.5156250000011367E-004   1.1235292627525832E-004
  0.18554687500000000       0.19440118819396779        1.0847028222356679E-003   3.5156250000011410E-004   1.1235292627525826E-004
  0.18359375000000000       0.19360052406591013        9.8533614133015403E-004   3.5156250000011470E-004   1.1235292627525837E-004
  0.18164062500000000       0.19084410899791582        1.1131574023263600E-003   3.5156250000011497E-004   1.1235292627525826E-004
  0.17968750000000000       0.18863649849775946        1.1032429252719853E-003   3.5156250000011502E-004   1.1235292627525830E-004
  0.17773437500000000       0.18703793133803040        1.0256590720558408E-003   3.5156250000011150E-004   1.1235292627525842E-004
  0.17578125000000000       0.18482719222102720        8.8425106227694658E-004   3.5156250000011318E-004   1.1235292627525845E-004
  0.17382812500000000       0.18309554317759377        9.0230380577623461E-004   3.5156250000011296E-004   1.1235292627525832E-004
  0.17187500000000000       0.17993679777006710        8.8463163256301291E-004   3.1250000000011374E-004   1.0650778294698856E-004
  0.16992187500000000       0.17988296544561969        9.5164324556586914E-004   3.1250000000011401E-004   1.0650778294698847E-004
  0.16796875000000000       0.17608476833425002        9.7549463589836362E-004   2.7343750000011360E-004   1.0016890624071988E-004
  0.16601562500000000       0.17407006843829861        9.0885049568815491E-004   2.7343750000011452E-004   1.0016890624071988E-004
  0.16406250000000000       0.17173159420209758        8.7137658444680420E-004   2.7343750000011370E-004   1.0016890624071986E-004
  0.16210937500000000       0.16941398681976913        8.5002394091630764E-004   2.7343750000011436E-004   1.0016890624071986E-004
  0.16015625000000000       0.16802903417479464        8.5538498848453971E-004   2.7343750000011327E-004   1.0016890624071979E-004
  0.15820312500000000       0.16581765393828860        9.4069666476027014E-004   2.7343750000011425E-004   1.0016890624071978E-004
  0.15625000000000000       0.16428842127962257        8.0465316280244265E-004   2.7343750000011631E-004   1.0016890624071986E-004
  0.15429687500000000       0.16128621975390911        7.3803265439778792E-004   2.7343750000011408E-004   1.0016890624071990E-004
  0.15234375000000000       0.15903603723694795        8.2647843990295961E-004   2.7343750000011571E-004   1.0016890624071993E-004
  0.15039062500000000       0.15745483475907499        8.5405866843446217E-004   2.7343750000011365E-004   1.0016890624071978E-004
  0.14843750000000000       0.15536948186636082        8.1003192799407092E-004   2.7343750000011560E-004   1.0016890624071984E-004
  0.14648437500000000       0.15373540125339591        8.1091820587457617E-004   2.3437500000011570E-004   9.3235647099977441E-005
  0.14453125000000000       0.15191155562557276        7.7121912857315708E-004   2.3437500000011370E-004   9.3235647099977441E-005
  0.14257812500000000       0.14999536498000332        7.9708351892580941E-004   2.3437500000011386E-004   9.3235647099977373E-005
  0.14062500000000000       0.14670684532815795        7.3838401304177222E-004   2.3437500000011416E-004   9.3235647099977414E-005
  0.13867187500000000       0.14476007211049527        7.7616851353825927E-004   2.3437500000011405E-004   9.3235647099977427E-005
  0.13671875000000000       0.14263439293938324        8.2682355953696122E-004   2.3437500000011437E-004   9.3235647099977414E-005
  0.13476562500000000       0.14139136975472058        8.5418102330455487E-004   2.3437500000011437E-004   9.3235647099977332E-005
  0.13281250000000000       0.13988991113524274        7.0948242068243311E-004   2.3437500000011446E-004   9.3235647099977265E-005
  0.13085937500000000       0.13701965393031082        8.3652079073189673E-004   2.3437500000011459E-004   9.3235647099977224E-005
  0.12890625000000000       0.13418923016875378        7.8726570034088933E-004   2.3437500000011608E-004   9.3235647099977346E-005
  0.12695312500000000       0.13281299813867375        7.1414446713643023E-004   2.3437500000011606E-004   9.3235647099977265E-005
  0.12500000000000000       0.13096646954815103        6.7911570368249844E-004   2.3437500000011448E-004   9.3235647099977563E-005
  0.12304687500000000       0.12776351675307965        6.9330330229897853E-004   2.3437500000011503E-004   9.3235647099977414E-005
  0.12109375000000000       0.12597047273925777        7.5219906450611470E-004   2.3437500000011532E-004   9.3235647099977400E-005
  0.11914062500000000       0.12485634428482152        7.5738343128303862E-004   2.3437500000011332E-004   9.3235647099977278E-005
  0.11718750000000000       0.12212654653738682        7.1038063898271931E-004   2.3437500000011381E-004   9.3235647099977210E-005
  0.11523437500000000       0.11986169305293519        6.9783597071090104E-004   2.3437500000011505E-004   9.3235647099977509E-005
  0.11328125000000000       0.11832865496307568        6.6793408770160522E-004   2.3437500000011456E-004   9.3235647099977305E-005
  0.11132812500000000       0.11548806951646996        7.3356182757715869E-004   2.3437500000011473E-004   9.3235647099977373E-005
  0.10937500000000000       0.11384726078502166        6.1368903802972938E-004   2.3437500000011462E-004   9.3235647099977387E-005
  0.10742187500000000       0.11189783579945017        6.8286729000035953E-004   2.3437500000011535E-004   9.3235647099977251E-005
  0.10546875000000000       0.10962521673055456        6.9410483822828525E-004   2.3437500000011484E-004   9.3235647099977387E-005
  0.10351562500000000       0.10814441749166477        6.4729034166057637E-004   2.3437500000011432E-004   9.3235647099977360E-005
  0.10156250000000000       0.10592502036360057        7.1028985461532134E-004   2.3437500000011456E-004   9.3235647099977360E-005
   9.9609375000000000E-002  0.10328834186273106        6.9707655497218120E-004   2.3437500000011478E-004   9.3235647099977360E-005
   9.7656250000000000E-002  0.10131874710911895        6.4603168661544108E-004   2.3437500000011478E-004   9.3235647099977292E-005
   9.5703125000000000E-002  0.10020692192215243        6.2553384025625471E-004   2.3437500000011516E-004   9.3235647099977278E-005
   9.3750000000000000E-002   9.8225372873491951E-002   5.8764050514125072E-004   2.3437500000011543E-004   9.3235647099977522E-005
   9.1796875000000000E-002   9.6584731731751472E-002   6.3494534595125336E-004   2.3437500000011381E-004   9.3235647099977332E-005
   8.9843750000000000E-002   9.3908625952256908E-002   6.2483042040773515E-004   2.3437500000011370E-004   9.3235647099977373E-005
   8.7890625000000000E-002   9.1573373869923633E-002   5.9472536425161991E-004   2.3437500000011437E-004   9.3235647099977278E-005
   8.5937500000000000E-002   8.9957872612120210E-002   5.6412800760223991E-004   2.3437500000011318E-004   9.3235647099977373E-005
   8.3984375000000000E-002   8.8341048053724461E-002   5.3641909534423132E-004   2.3437500000011459E-004   9.3235647099977278E-005
   8.2031250000000000E-002   8.5818287568903293E-002   5.7871033883002368E-004   2.3437500000011408E-004   9.3235647099977360E-005
   8.0078125000000000E-002   8.4274538534238511E-002   5.8122899339733470E-004   2.3437500000011297E-004   9.3235647099977373E-005
   7.8125000000000000E-002   8.1774064261728938E-002   5.7808172372511395E-004   2.3437500000011356E-004   9.3235647099977332E-005
   7.6171875000000000E-002   7.9816224148180293E-002   5.1848018731159103E-004   2.3437500000011408E-004   9.3235647099977373E-005
   7.4218750000000000E-002   7.8333244025050860E-002   5.5171936291260296E-004   2.3437500000011421E-004   9.3235647099977251E-005
   7.2265625000000000E-002   7.5421970828561113E-002   5.4311079674252923E-004   2.3437500000011424E-004   9.3235647099977387E-005
   7.0312500000000000E-002   7.3989248912904426E-002   5.5120529637489579E-004   2.3437500000011305E-004   9.3235647099977332E-005
   6.8359375000000000E-002   7.1700628833130498E-002   5.2804433803461796E-004   2.3437500000011391E-004   9.3235647099977278E-005
   6.6406250000000000E-002   6.9370600697648444E-002   5.3445285962530739E-004   2.3437500000011410E-004   9.3235647099977305E-005
   6.4453125000000000E-002   6.7926828131314940E-002   5.7489482010854721E-004   2.3437500000011400E-004   9.3235647099977360E-005
   6.2500000000000000E-002   6.5917312716313653E-002   5.3301365599087299E-004   2.3437500000011343E-004   9.3235647099977373E-005
   6.0546875000000000E-002   6.3444348080926888E-002   5.1355083200781419E-004   2.3437500000011418E-004   9.3235647099977346E-005
   5.8593750000000000E-002   6.1576811007221829E-002   5.4984037686968672E-004   2.3437500000011250E-004   9.3235647099977319E-005
   5.6640625000000000E-002   5.9542864019530552E-002   5.3327363979060734E-004   2.3437500000011343E-004   9.3235647099977373E-005
   5.4687500000000000E-002   5.7782365804430906E-002   5.6475454864896013E-004   2.3437500000011592E-004   9.3235647099977400E-005
   5.2734375000000000E-002   5.5704995339999071E-002   5.1163871601902079E-004   2.3437500000011359E-004   9.3235647099977278E-005
   5.0781250000000000E-002   5.4616241572778786E-002   5.2772303431477294E-004   2.3437500000011318E-004   9.3235647099977278E-005
   4.8828125000000000E-002   5.2043085857721848E-002   5.2252472300933005E-004   2.3437500000011432E-004   9.3235647099977387E-005
   4.6875000000000000E-002   4.9935884063267169E-002   4.9536487934291422E-004   2.3437500000011329E-004   9.3235647099977427E-005
   4.4921875000000000E-002   4.8222003372854656E-002   4.7230174235224354E-004   2.3437500000011383E-004   9.3235647099977373E-005
   4.2968750000000000E-002   4.5776605099506325E-002   4.9141579678055780E-004   2.3437500000011234E-004   9.3235647099977360E-005
   4.1015625000000000E-002   4.3882560274989706E-002   4.9090311595640344E-004   2.3437500000011343E-004   9.3235647099977305E-005
   3.9062500000000000E-002   4.2133009340448009E-002   4.6921296732098497E-004   2.3437500000011456E-004   9.3235647099977319E-005
   3.7109375000000000E-002   4.0098476919207052E-002   4.9222270523504848E-004   2.3437500000011381E-004   9.3235647099977278E-005
   3.5156250000000000E-002   3.7862901390171476E-002   4.9076726137908572E-004   2.3437500000011334E-004   9.3235647099977468E-005
   3.3203125000000000E-002   3.6078990747934206E-002   4.9004176566891031E-004   2.3437500000011359E-004   9.3235647099977482E-005
   3.1250000000000000E-002   3.4226057621206916E-002   5.0263808842930839E-004   2.3437500000011516E-004   9.3235647099977305E-005
   2.9296875000000000E-002   3.2130746661958497E-002   4.6441305918174073E-004   2.3437500000011231E-004   9.3235647099977278E-005
   2.7343750000000000E-002   3.0086001266978923E-002   4.7341259157649915E-004   2.3437500000011297E-004   9.3235647099977319E-005
   2.5390625000000000E-002   2.8115862471543011E-002   4.6771000537955464E-004   2.3437500000011372E-004   9.3235647099977387E-005
   2.3437500000000000E-002   2.6263312453941964E-002   4.6522304988090861E-004   2.3437500000011362E-004   9.3235647099977360E-005
   2.1484375000000000E-002   2.4218374872687701E-002   4.6743962195647953E-004   2.3437500000011343E-004   9.3235647099977360E-005
   1.9531250000000000E-002   2.2257865472037279E-002   4.6204998435070280E-004   2.3437500000011473E-004   9.3235647099977360E-005
   1.7578125000000000E-002   2.0264807411530261E-002   4.7727305977346912E-004   2.3437500000011467E-004   9.3235647099977089E-005
   1.5625000000000000E-002   1.8360648671779400E-002   4.7543633088627246E-004   2.3437500000011446E-004   9.3235647099977143E-005
   1.3671875000000000E-002   1.6373056369210812E-002   4.5955013022882884E-004   2.3437500000011375E-004   9.3235647099977319E-005
   1.1718750000000000E-002   1.4564727626113636E-002   4.6502350559365539E-004   2.3437500000011429E-004   9.3235647099977305E-005
   9.7656250000000000E-003   1.2499583881181895E-002   4.7045149695478970E-004   2.3437500000011559E-004   9.3235647099977373E-005
   7.8125000000000000E-003   1.0506613893441754E-002   4.6023689646152685E-004   2.3437500000011410E-004   9.3235647099977251E-005
   5.8593750000000000E-003   8.5397942734478163E-003   4.6103115485446740E-004   2.3437500000011486E-004   9.3235647099977265E-005
   3.9062500000000000E-003  0.55276730962888188        1.4881746068977695E-003   2.3437500000011494E-004   9.3235647099977400E-005
   1.9531250000000000E-003   1.2156606614620067        3.0020581072632635E-003   9.9609375000000930E-003   6.3394940116467870E-004
   0.0000000000000000        1.9368155285940558        4.0113992908601421E-003  0.21402343749999986        2.1648178927200063E-003
