   1.0000000000000000        1.5759517118307382        4.9362319266515377E-003  0.19527343749999990        1.9308986277209426E-003
  0.99804687500000000        1.5794619004137960        4.7465664123301898E-003  0.19589843749999988        2.1484374999999477E-003
  0.99609375000000000        1.5755498377445267        5.1396733684104358E-003  0.19566406249999990        2.0774768239458551E-003
  0.99414062500000000        1.5753619077685292        5.5747340861898699E-003  0.19613281249999989        2.0311096190320853E-003
  0.99218750000000000        1.5677292774980831        5.3724102614272386E-003  0.19492187499999988        2.0297470401197120E-003
  0.99023437500000000        1.5684410592865570        5.8024815289111926E-003  0.19499999999999990        2.1292003477587740E-003
  0.98828125000000000        1.5649677637508861        5.3091150474071204E-003  0.19273437499999990        1.9354630717027890E-003
  0.98632812500000000        1.5613374612180082        5.3820884184802601E-003  0.19343749999999990        2.0836884167093990E-003
  0.98437500000000000        1.5640647042481088        5.4521583108012228E-003  0.19378906249999989        2.0564486609518594E-003
  0.98242187500000000        1.5648868253459776        5.1163923267906206E-003  0.19074218749999994        1.9193376468571647E-003
  0.98046875000000000        1.5636838303763980        4.5075128149943350E-003  0.19390624999999989        1.7314370477482760E-003
  0.97851562500000000        1.5554775700647536        4.8394212839663452E-003  0.19402343749999992        1.8754726032650395E-003
  0.97656250000000000        1.5535649347529250        5.4268686712799470E-003  0.19027343749999989        2.1187617032373948E-003
  0.97460937500000000        1.5535062796806378        4.9680486193850026E-003  0.19011718749999990        1.8195780777739534E-003
  0.97265625000000000        1.5431156526012568        4.9377575833418142E-003  0.19124999999999989        2.0086949469333526E-003
  0.97070312500000000        1.5349406328602206        5.0097145334272999E-003  0.18597656249999989        2.0884281630061761E-003
  0.96875000000000000        1.5352081712932997        5.1298510038328849E-003  0.18617187499999990        1.8747862620178859E-003
  0.96679687500000000        1.5359960242317525        4.9215165158754169E-003  0.18746093749999990        2.0395909446242855E-003
  0.96484375000000000        1.5394065616139949        5.2046636993126885E-003  0.18499999999999994        2.0350707073933287E-003
  0.96289062500000000        1.5343605615526734        5.4139108996527473E-003  0.18421874999999993        2.0488083869659979E-003
  0.96093750000000000        1.5311526642173863        5.2183624964715564E-003  0.18378906249999993        1.7321979850280218E-003
  0.95898437500000000        1.5307252393656052        5.3344517627075764E-003  0.18339843749999993        2.0440295529295270E-003
  0.95703125000000000        1.5322595493684983        5.3565494740360695E-003  0.18328124999999992        1.9564208303117026E-003
  0.95507812500000000        1.5312557855013385        5.7387206663198726E-003  0.18300781249999992        2.0136418418601207E-003
  0.95312500000000000        1.5193556745633934        5.6194921784882435E-003  0.17992187499999993        2.2565179642702066E-003
  0.95117187500000000        1.5166782109061725        5.0881082242819047E-003  0.18347656249999988        2.0021891317373057E-003
  0.94921875000000000        1.5188526986007593        5.0263346378114932E-003  0.18542968749999988        2.2453121924709170E-003
  0.94726562500000000        1.5109905908419647        5.1505391975710793E-003  0.18066406249999992        1.8459173602851076E-003
  0.94531250000000000        1.5147065760420997        4.7096795384697103E-003  0.18207031249999994        1.9439454422329043E-003
  0.94335937500000000        1.5079978597908579        4.9888479724076486E-003  0.17839843749999992        2.0707591356421218E-003
  0.94140625000000000        1.5042092113657006        4.4906331032770214E-003  0.17914062499999994        1.7853439849866998E-003
  0.93945312500000000        1.5023835175350717        5.0854190113445632E-003  0.17890624999999993        1.8958619503334092E-003
  0.93750000000000000        1.4958542604540646        5.2752971423906990E-003  0.17480468749999992        2.0167012178024237E-003
  0.93554687500000000        1.4910552086369868        4.8754737999806745E-003  0.17640624999999993        1.9246824212487304E-003
  0.93359375000000000        1.4894761328437858        4.9914418297243735E-003  0.17390624999999993        1.7153030173376487E-003
  0.93164062500000000        1.4809374374345168        5.2172691165372044E-003  0.17515624999999993        2.0283949437866870E-003
  0.92968750000000000        1.4739910014817965        5.4401031698172167E-003  0.17624999999999993        1.9291297488121847E-003
  0.92773437500000000        1.4766142985966315        5.1805492503210569E-003  0.17410156249999992        1.9154792092654562E-003
  0.92578125000000000        1.4705844288483720        4.8359574044063028E-003  0.17343749999999994        1.7139726419890765E-003
  0.92382812500000000        1.4759582368614677        4.7775215755138083E-003  0.17355468749999992        1.9354909434954649E-003
  0.92187500000000000        1.4715542108431128        5.0176376144118028E-003  0.17148437499999994        1.8889390074074875E-003
  0.91992187500000000        1.4664003493032192        5.3786568667623796E-003  0.17218749999999994        1.9501081498433908E-003
  0.91796875000000000        1.4644198873332614        4.3844329545240941E-003  0.16882812499999994        1.7518443507518553E-003
  0.91601562500000000        1.4643929510232514        4.4979124468850374E-003  0.17343749999999994        1.9550968581497851E-003
  0.91406250000000000        1.4659009255752304        4.7500369954512432E-003  0.16984374999999993        1.7206858932360611E-003
  0.91210937500000000        1.4630613779490829        4.5082300011566549E-003  0.16929687499999993        1.6481609032987822E-003
  0.91015625000000000        1.4517358595241410        4.7764512439896888E-003  0.17128906249999992        1.9482855131562784E-003
  0.90820312500000000        1.4502190760855223        4.4494476378218063E-003  0.16613281249999992        1.5805996745672270E-003
  0.90625000000000000        1.4421009490577688        4.6892289782022077E-003  0.16437499999999994        1.6616282745328666E-003
  0.90429687500000000        1.4452883928516114        4.1674794919550773E-003  0.16531249999999992        1.7406348890330423E-003
  0.90234375000000000        1.4394992888625522        4.4374220455761807E-003  0.16503906249999992        1.6871220100768982E-003
  0.90039062500000000        1.4402708139291385        5.2943682702410472E-003  0.16382812499999994        1.8151383020897406E-003
  0.89843750000000000        1.4315635784786778        5.8940975180760483E-003  0.15933593749999994        2.0089826675967117E-003
  0.89648437500000000        1.4258296913649173        5.3029928316531581E-003  0.16003906249999994        1.8551457969207823E-003
  0.89453125000000000        1.4250559284255035        5.5956931888828890E-003  0.16085937499999992        1.9975071022600597E-003
  0.89257812500000000        1.4184913073681389        5.7152989211023339E-003  0.15929687499999992        1.9253709888232187E-003
  0.89062500000000000        1.4225871825450327        5.3173690683965651E-003  0.15972656249999995        2.0594444468658886E-003
  0.88867187500000000        1.4246547021642215        5.8125694975231139E-003  0.16082031249999992        1.9692789981437166E-003
  0.88671875000000000        1.4253962776460356        5.3937484668977308E-003  0.16058593749999994        2.0025278165490103E-003
  0.88476562500000000        1.4191666221798400        5.6663221953826698E-003  0.15874999999999997        1.8527057361661554E-003
  0.88281250000000000        1.4097664913296941        5.1503799430483574E-003  0.15656249999999994        1.9666357193731977E-003
  0.88085937500000000        1.4081005594936586        5.2812121135653771E-003  0.15621093749999995        1.8954513525752587E-003
  0.87890625000000000        1.4030719037245454        5.1080197275311240E-003  0.15749999999999997        1.9264113795723135E-003
  0.87695312500000000        1.4015666342151705        4.9504891489850662E-003  0.15753906249999994        2.0430339700633726E-003
  0.87500000000000000        1.3949921561543455        5.2976001864423793E-003  0.15464843749999996        1.7575669721903379E-003
  0.87304687500000000        1.3937961717614005        4.9345235208282986E-003  0.15312499999999996        1.8237619793328203E-003
  0.87109375000000000        1.3932389712326414        5.4534517337445744E-003  0.15429687499999994        2.0327821775760384E-003
  0.86914062500000000        1.3928148660484163        4.9599634252172646E-003  0.15378906249999996        1.7746371454211679E-003
  0.86718750000000000        1.3882703759102506        4.9290462940616677E-003  0.15398437499999995        1.7257840739735967E-003
  0.86523437500000000        1.3808636432107071        5.0631508238954447E-003  0.14761718749999994        1.8299167207770500E-003
  0.86328125000000000        1.3748588058334830        5.1090851818597609E-003  0.14675781249999997        1.9267113878871974E-003
  0.86132812500000000        1.3771489310382543        5.0225204239609323E-003  0.14874999999999997        1.8784493209361933E-003
  0.85937500000000000        1.3710424290970520        5.2977037399916400E-003  0.14800781249999997        1.8177475073380960E-003
  0.85742187500000000        1.3616396224121794        5.4534639105476420E-003  0.14656249999999996        2.0335250953570421E-003
  0.85546875000000000        1.3521406778527507        4.8796014976315990E-003  0.14234374999999996        1.8887921295496963E-003
  0.85351562500000000        1.3548118162178122        4.7637152040903383E-003  0.14371093749999997        1.6631256402690243E-003
  0.85156250000000000        1.3523855188881597        4.6333428976634821E-003  0.14585937499999996        1.8482913329568623E-003
  0.84960937500000000        1.3459723720704131        4.2568216811958697E-003  0.14468749999999997        1.6544146014862693E-003
  0.84765625000000000        1.3440124038577164        5.1135525010525800E-003  0.14195312499999996        1.7829250995235856E-003
  0.84570312500000000        1.3445962372029521        4.7344102716641362E-003  0.14339843749999998        1.8358031731430745E-003
  0.84375000000000000        1.3378612591323999        5.1083276004428111E-003  0.14261718749999996        1.7771020048021322E-003
  0.84179687500000000        1.3268471745114865        4.9199660525069220E-003  0.13992187499999997        1.9026624991575983E-003
  0.83984375000000000        1.3249497273584279        4.9165398350147684E-003  0.13812499999999997        1.8233562781608287E-003
  0.83789062500000000        1.3219037084984135        5.0115282795877387E-003  0.13699218749999997        1.8715237332406352E-003
  0.83593750000000000        1.3194850267842537        5.1035299400353784E-003  0.13796874999999997        1.6866697358936863E-003
  0.83398437500000000        1.3151974966073063        5.2062512850164959E-003  0.13726562499999997        1.5486483560147035E-003
  0.83203125000000000        1.3087524163802846        5.3227520247185155E-003  0.13429687499999998        1.8454204842612281E-003
  0.83007812500000000        1.3045489688641601        4.8662587277218160E-003  0.13363281249999998        1.5228303471551856E-003
  0.82812500000000000        1.3001968829654955        4.7281661266234719E-003  0.13101562499999997        1.7188396728214210E-003
  0.82617187500000000        1.2971676279409019        4.6168956357083586E-003  0.12996093749999998        1.5040510043643550E-003
  0.82421875000000000        1.2978812951499927        4.9346891991936684E-003  0.12835937499999997        1.7354382376610464E-003
  0.82226562500000000        1.2946301042830926        5.3561694407712312E-003  0.12992187499999999        1.8452868477142296E-003
  0.82031250000000000        1.2965907927018370        5.0557396569917189E-003  0.12906249999999997        1.9030998872553069E-003
  0.81835937500000000        1.2963809409346210        5.0909072821071584E-003  0.12984374999999998        1.7319710738072300E-003
  0.81640625000000000        1.2854336751743443        5.2475347585466837E-003  0.12749999999999997        1.8807781338820468E-003
  0.81445312500000000        1.2804003278436684        5.5922445684869170E-003  0.12769531249999999        1.6136427719242741E-003
  0.81250000000000000        1.2846254226076825        5.2519904810796256E-003  0.12917968749999997        1.6970324649183955E-003
  0.81054687500000000        1.2845683989767425        5.1559538879735649E-003  0.12929687499999998        1.7233889131016539E-003
  0.80859375000000000        1.2789127903569020        4.9239017407533966E-003  0.12640624999999997        1.6446971768874676E-003
  0.80664062500000000        1.2737635138833616        5.0419916417667222E-003  0.12558593749999999        1.6962330362824140E-003
  0.80468750000000000        1.2688542408060044        5.1954000247902378E-003  0.12749999999999997        1.7144401888035620E-003
  0.80273437500000000        1.2567801758772288        5.0577078577068437E-003  0.12124999999999998        1.5820275965632998E-003
  0.80078125000000000        1.2552951106278565        4.7798707419946709E-003  0.12246093749999998        1.6907723121348903E-003
  0.79882812500000000        1.2543305701797083        4.6937251031202009E-003  0.12191406249999998        1.4342219688920842E-003
  0.79687500000000000        1.2532764838956205        4.6077426355791437E-003  0.12023437499999998        1.6419397089216131E-003
  0.79492187500000000        1.2481113227719567        4.7508823865429839E-003  0.11929687499999998        1.6825892175172392E-003
  0.79296875000000000        1.2429681538408366        4.8030017514488904E-003  0.11953125000000001        1.7433953877144307E-003
  0.79101562500000000        1.2350505701409480        5.1133022998059979E-003  0.11695312499999998        1.6270785136020577E-003
  0.78906250000000000        1.2302588662616907        5.0329865673436665E-003  0.11578124999999999        1.6456340380870214E-003
  0.78710937500000000        1.2266771759402535        4.9978543506216857E-003  0.11425781249999999        1.4849926861423162E-003
  0.78515625000000000        1.2214312555352185        5.0520747377353278E-003  0.11281250000000000        1.7142244138119845E-003
  0.78320312500000000        1.2211766513650959        5.4202596067038471E-003  0.11312499999999998        1.8312849050350038E-003
  0.78125000000000000        1.2176483582231485        4.9532360559847183E-003  0.11203125000000000        1.5495040343688040E-003
  0.77929687500000000        1.2187548110402646        4.5930386430017116E-003  0.11292968749999999        1.5337223248117400E-003
  0.77734375000000000        1.2127317802768580        4.9542025434344567E-003  0.11296874999999998        1.8586526958391126E-003
  0.77539062500000000        1.2139176026993208        5.1035697764595048E-003  0.11187499999999999        1.6670365356636202E-003
  0.77343750000000000        1.2020679029927603        5.1368727186563868E-003  0.10925781249999998        1.6181829604691553E-003
  0.77148437500000000        1.1981824030871580        5.0398765039073460E-003  0.11222656249999999        1.6701171299363167E-003
  0.76953125000000000        1.2015712266998804        4.4537395364285352E-003  0.11070312499999999        1.6150987386064710E-003
  0.76757812500000000        1.1960121647562354        4.3419347743018765E-003  0.10847656249999998        1.5294554635406083E-003
  0.76562500000000000        1.1906081984564678        4.9077076796853946E-003  0.10636718750000000        1.5829382590611760E-003
  0.76367187500000000        1.1881322692891170        5.1862155242594259E-003  0.10746093749999998        1.6352754821682188E-003
  0.76171875000000000        1.1822116802215834        5.0546316432883900E-003  0.10570312499999998        1.5721568692191954E-003
  0.75976562500000000        1.1757951999619274        4.9206246563882139E-003  0.10593750000000000        1.6594005911682902E-003
  0.75781250000000000        1.1705209056563517        4.9274551673547783E-003  0.10281250000000000        1.6080789071014571E-003
  0.75585937500000000        1.1602025588939038        5.0051189975096836E-003  0.10179687500000000        1.5935790101877082E-003
  0.75390625000000000        1.1590291079661856        4.8761844117623330E-003  0.10222656250000001        1.4468046999387431E-003
  0.75195312500000000        1.1513016507620231        4.3520723228705257E-003  0.10113281250000000        1.6431736381867790E-003
  0.75000000000000000        1.1530466866134144        4.9000349754558300E-003  0.10101562500000000        1.5536166350911937E-003
  0.74804687500000000        1.1489381852210137        5.2453900382393179E-003  0.10097656250000001        1.7656862796083389E-003
  0.74609375000000000        1.1413082072015504        4.8092534094416493E-003   9.8828125000000003E-002   1.6725563253470218E-003
  0.74414062500000000        1.1395381010337862        5.4018607100888797E-003   9.7617187499999994E-002   1.6474827738150615E-003
  0.74218750000000000        1.1394589960410348        5.5275609311516956E-003   9.6132812499999998E-002   1.5751686151500501E-003
  0.74023437500000000        1.1286559436504602        5.0860023129953875E-003   9.3867187500000018E-002   1.5737589541283408E-003
  0.73828125000000000        1.1241861734556782        4.9255352531531590E-003   9.3554687500000011E-002   1.4428790427255299E-003
  0.73632812500000000        1.1194016565462588        4.6770335332256352E-003   9.2187500000000006E-002   1.3220533003541438E-003
  0.73437500000000000        1.1166066331281592        5.0918699729507137E-003   8.9453125000000022E-002   1.3684551752839191E-003
  0.73242187500000000        1.1091871155566455        4.9817469937761902E-003   9.0312500000000004E-002   1.7222974753944242E-003
  0.73046875000000000        1.1036399495856550        5.3264524237568670E-003   8.9492187500000014E-002   1.8077144446443740E-003
  0.72851562500000000        1.0992606864472318        5.3122501794896203E-003   8.7031250000000018E-002   1.6749321560208673E-003
  0.72656250000000000        1.0995882730537851        5.1895191784214591E-003   8.7617187499999999E-002   1.6350492599627540E-003
  0.72460937500000000        1.0932490401773043        4.8026812195947882E-003   8.7031250000000018E-002   1.5526838120499624E-003
  0.72265625000000000        1.0862926163364808        5.3203228636018963E-003   8.5781250000000017E-002   1.5224507536693815E-003
  0.72070312500000000        1.0797107518159139        4.8664647865221330E-003   8.5000000000000020E-002   1.4329586945425669E-003
  0.71875000000000000        1.0808600172432694        5.3031690366872773E-003   8.3789062499999997E-002   1.6454982262772311E-003
  0.71679687500000000        1.0799120944876364        5.0651406898729575E-003   8.1406249999999999E-002   1.4357525336047823E-003
  0.71484375000000000        1.0771924917898206        4.8880888942603607E-003   8.2812499999999997E-002   1.5306088897012017E-003
  0.71289062500000000        1.0728838184046294        4.8989966017612087E-003   8.1992187500000022E-002   1.3695753858375575E-003
  0.71093750000000000        1.0662109499046815        5.1522743088784732E-003   8.0742187500000021E-002   1.5165015477232951E-003
  0.70898437500000000        1.0605603612790044        5.0433493330490657E-003   7.9492187500000006E-002   1.3928751143167965E-003
  0.70703125000000000        1.0566527895600550        4.8207920295552532E-003   7.9414062500000007E-002   1.2938363356708690E-003
  0.70507812500000000        1.0571378776271949        4.9210292978196695E-003   7.9726562500000014E-002   1.3936716056195929E-003
  0.70312500000000000        1.0519814131063461        4.9220829681980013E-003   7.6406250000000023E-002   1.3247552691131024E-003
  0.70117187500000000        1.0462345650191864        4.7547306293234254E-003   7.8281250000000024E-002   1.3219600305173179E-003
  0.69921875000000000        1.0440020668403520        4.9147047123177679E-003   7.8242187500000004E-002   1.5570206561463401E-003
  0.69726562500000000        1.0398380974053529        4.4711105030281698E-003   7.6992187500000003E-002   1.3983087626257928E-003
  0.69531250000000000        1.0384461609779236        4.6617014629375762E-003   7.6210937500000006E-002   1.4258150313384277E-003
  0.69335937500000000        1.0317817202857364        4.5477142344867586E-003   7.5195312500000014E-002   1.3213244545518203E-003
  0.69140625000000000        1.0244127543373691        4.3725664026483153E-003   7.3281250000000020E-002   1.4574875794297240E-003
  0.68945312500000000        1.0216090821970234        4.6463231969369884E-003   7.3867187500000014E-002   1.3781017281842610E-003
  0.68750000000000000        1.0180413884701145        4.3469503565378093E-003   7.1679687500000019E-002   1.3592731788030440E-003
  0.68554687500000000        1.0147911296790344        4.1722925488600123E-003   7.0742187500000012E-002   1.3219308823437645E-003
  0.68359375000000000        1.0077339961792853        4.3335178601193059E-003   6.8320312500000022E-002   1.3214644241274658E-003
  0.68164062500000000        1.0033430640205470        4.3822642204207774E-003   6.7968750000000008E-002   1.2709342359346230E-003
  0.67968750000000000       0.99801313044597928        4.9465567456579724E-003   6.9453125000000004E-002   1.3572362863419998E-003
  0.67773437500000000       0.99623301028383449        4.7786649025217866E-003   6.9140625000000011E-002   1.3003065528831969E-003
  0.67578125000000000       0.98873416229055033        4.7631228792266011E-003   6.7187500000000011E-002   1.4306766031949064E-003
  0.67382812500000000       0.98540254879460942        4.6772870381730988E-003   6.6679687500000015E-002   1.4754965655728839E-003
  0.67187500000000000       0.98085572291492784        4.8483585981904959E-003   6.4960937500000024E-002   1.5482850472555891E-003
  0.66992187500000000       0.97570445474926915        4.6352164960282863E-003   6.4335937500000023E-002   1.4376138634499607E-003
  0.66796875000000000       0.97374363759576088        4.6720638909644964E-003   6.2734375000000023E-002   1.4087686129711583E-003
  0.66601562500000000       0.97279484445197284        4.4454235307120216E-003   6.3007812500000024E-002   1.3424782841074882E-003
  0.66406250000000000       0.96924750729095988        4.6455105849842289E-003   6.2187500000000021E-002   1.3425069861611226E-003
  0.66210937500000000       0.96528729574805727        4.2830994323431355E-003   6.2343750000000017E-002   1.3019886329198619E-003
  0.66015625000000000       0.96364245390818160        4.2151203506361019E-003   6.1562500000000020E-002   1.2855484222293895E-003
  0.65820312500000000       0.95499901024815459        4.4967112291857238E-003   5.9921875000000020E-002   1.2772489650488856E-003
  0.65625000000000000       0.94993926744796398        4.6033599093348457E-003   5.9257812500000021E-002   1.2215318367573631E-003
  0.65429687500000000       0.94713667757316711        4.5745687543713078E-003   5.8437500000000024E-002   1.2226227803653115E-003
  0.65234375000000000       0.93917362265567772        4.5794995027626283E-003   5.7460937500000017E-002   1.2529742373697584E-003
  0.65039062500000000       0.93704267571285527        4.5038777694379768E-003   5.5820312500000017E-002   1.2492784671822980E-003
  0.64843750000000000       0.93241899493521585        4.5331446876100637E-003   5.4062500000000020E-002   1.3607974315162535E-003
  0.64648437500000000       0.92596909422514673        4.2485800606363797E-003   5.3398437500000021E-002   1.1580558835441893E-003
  0.64453125000000000       0.92242482713982998        4.2584482893186131E-003   5.3242187500000017E-002   1.3169780191872697E-003
  0.64257812500000000       0.91928047786920075        4.1990464654035600E-003   5.3125000000000026E-002   1.3115188432258173E-003
  0.64062500000000000       0.91405256873547069        4.3975202290288265E-003   5.1718750000000029E-002   1.2304139472925088E-003
  0.63867187500000000       0.91206073881428840        4.7345562396355848E-003   5.1640625000000023E-002   1.2471607986171368E-003
  0.63671875000000000       0.90543660823626393        4.6818026474596203E-003   5.0898437500000018E-002   1.2080830441375025E-003
  0.63476562500000000       0.89760104114728390        4.2588126227274562E-003   4.8554687500000027E-002   1.1300334904383697E-003
  0.63281250000000000       0.89112740083792685        4.3922910002271390E-003   4.7656250000000025E-002   1.1659414175697494E-003
  0.63085937500000000       0.88897682718338533        4.1306887911473781E-003   4.6914062500000027E-002   1.1546436745896534E-003
  0.62890625000000000       0.88458908620242649        4.2430498378129410E-003   4.6406250000000024E-002   1.0625858736836454E-003
  0.62695312500000000       0.88027604007053017        3.8131567386704571E-003   4.5742187500000024E-002   1.2027639392469022E-003
  0.62500000000000000       0.87726004092322329        3.7870902140345374E-003   4.5312500000000026E-002   1.1445951471243962E-003
  0.62304687500000000       0.87598489374281807        3.9932045499951069E-003   4.3710937500000026E-002   1.0471196641394340E-003
  0.62109375000000000       0.86889485111961151        4.0084912952072834E-003   4.2460937500000039E-002   1.0732300747571949E-003
  0.61914062500000000       0.86530875587511646        4.0591930175222311E-003   4.3242187500000029E-002   1.1218200335251550E-003
  0.61718750000000000       0.86130515518728745        3.9180316967432766E-003   4.2382812500000033E-002   1.0728278845842944E-003
  0.61523437500000000       0.85740407454950440        3.9765551804796292E-003   4.1328125000000028E-002   1.0493032105860652E-003
  0.61328125000000000       0.85354155054482517        3.7939447654855617E-003   4.0937500000000016E-002   9.9548429996524366E-004
  0.61132812500000000       0.84769434978503033        3.9360816750870914E-003   4.0234375000000024E-002   1.0154428741131333E-003
  0.60937500000000000       0.83590435212303149        3.8114945100396398E-003   3.8632812500000030E-002   9.8991814262375201E-004
  0.60742187500000000       0.82925773351726462        3.7844127037622243E-003   3.7656250000000030E-002   1.0759051128555459E-003
  0.60546875000000000       0.82906102390399328        4.1325327959973570E-003   3.8242187500000031E-002   1.1355304167895465E-003
  0.60351562500000000       0.82531731785115947        3.7949092747601191E-003   3.7851562500000033E-002   1.0126994455911919E-003
  0.60156250000000000       0.82264384437680904        4.4249007973917011E-003   3.6523437500000033E-002   1.0014967073286390E-003
  0.59960937500000000       0.81983856986502945        4.6555067717125994E-003   3.7109375000000028E-002   1.0424062242086591E-003
  0.59765625000000000       0.81604426803805963        4.1909390621243502E-003   3.6406250000000036E-002   1.0175353536967359E-003
  0.59570312500000000       0.81110400997248699        3.6894019732127822E-003   3.5234375000000040E-002   9.2402057287553890E-004
  0.59375000000000000       0.80940780219464115        4.0235615623457318E-003   3.5898437500000040E-002   1.0111763364773329E-003
  0.59179687500000000       0.80199301608733209        4.1532618638244895E-003   3.4960937500000039E-002   9.4772770916779978E-004
  0.58984375000000000       0.79775480683468647        4.4195226074445855E-003   3.3085937500000037E-002   1.0872130026464166E-003
  0.58789062500000000       0.79661896600128612        4.4863138457011389E-003   3.2109375000000051E-002   1.0930451823577608E-003
  0.58593750000000000       0.78815618935961962        4.3329808664120135E-003   3.2031250000000053E-002   1.1020607776806271E-003
  0.58398437500000000       0.78269828517649842        3.8946393538410980E-003   3.1992187500000047E-002   1.0861350512483229E-003
  0.58203125000000000       0.78015361878240586        3.5533652848000223E-003   3.0742187500000049E-002   9.0322819687133126E-004
  0.58007812500000000       0.77437181624076590        3.0662316628499494E-003   3.0820312500000054E-002   9.9612663034958152E-004
  0.57812500000000000       0.77018780263251341        3.2131601855268101E-003   3.0820312500000058E-002   8.8467653724980436E-004
  0.57617187500000000       0.76850111754957129        3.0329978243855771E-003   2.9375000000000057E-002   8.4654536010611396E-004
  0.57421875000000000       0.76612437752118778        3.1962220400106730E-003   2.9140625000000066E-002   8.2054732990387812E-004
  0.57226562500000000       0.76053093177869524        3.8284388540191184E-003   2.8867187500000061E-002   8.8118522925791283E-004
  0.57031250000000000       0.75932443124964677        3.5090962329041618E-003   2.9765625000000052E-002   8.6687498634507485E-004
  0.56835937500000000       0.75656134097907857        3.4212411852423720E-003   2.8671875000000058E-002   9.2774943086534737E-004
  0.56640625000000000       0.75083796391849422        3.5921060889080986E-003   2.7148437500000080E-002   8.6079965417392953E-004
  0.56445312500000000       0.74606072446815341        3.3880539306042979E-003   2.6835937500000080E-002   7.9232794538312487E-004
  0.56250000000000000       0.74058159314657657        3.2553864434544688E-003   2.5351562500000095E-002   7.7430427275735454E-004
  0.56054687500000000       0.73851765615822851        3.5934613000255140E-003   2.5664062500000088E-002   7.7183204331353653E-004
  0.55859375000000000       0.73496104703679987        3.6549858518888671E-003   2.5039062500000087E-002   8.0284047486755205E-004
  0.55664062500000000       0.73166803579842221        3.4843555472830836E-003   2.5156250000000088E-002   8.7666969570424319E-004
  0.55468750000000000       0.72669006467886932        3.5227707713692048E-003   2.4257812500000097E-002   7.3509285178791832E-004
  0.55273437500000000       0.72249019584084506        3.2545204208383298E-003   2.3437500000000121E-002   7.3026500071909201E-004
  0.55078125000000000       0.71946814882665377        3.2375968693282896E-003   2.3828125000000092E-002   7.3342405656533531E-004
  0.54882812500000000       0.71280444504109186        3.3806656701532039E-003   2.2773437500000108E-002   8.0084139571490729E-004
  0.54687500000000000       0.71214626265895109        3.3340743081966074E-003   2.3906250000000108E-002   8.3333333333333664E-004
  0.54492187500000000       0.70822505945036807        3.3563579370923476E-003   2.3281250000000111E-002   8.5459096538560101E-004
  0.54296875000000000       0.70585567499418134        3.4655456186780398E-003   2.2929687500000098E-002   8.0582979504233870E-004
  0.54101562500000000       0.70508328561246769        3.6615817650902604E-003   2.2460937500000114E-002   8.1291381446756930E-004
  0.53906250000000000       0.69810469763890382        3.5813302214282956E-003   2.1289062500000143E-002   8.1480761741726246E-004
  0.53710937500000000       0.69353804390552709        3.3362835949305647E-003   2.0546875000000138E-002   7.2309600921431237E-004
  0.53515625000000000       0.68751629271656367        3.3739566192532212E-003   2.0468750000000133E-002   8.1810180409817401E-004
  0.53320312500000000       0.68819758042448798        3.6622452903787412E-003   2.0585937500000141E-002   7.4251969572536206E-004
  0.53125000000000000       0.68739168876599466        3.7072110247425619E-003   2.0000000000000150E-002   7.4753646325037863E-004
  0.52929687500000000       0.68530170860853312        3.7506034984286689E-003   2.0390625000000141E-002   7.9218203669444642E-004
  0.52734375000000000       0.68037248881634682        3.4447700859115992E-003   2.0000000000000143E-002   7.3085572768978612E-004
  0.52539062500000000       0.67634301174111133        3.2693749848089248E-003   2.0117187500000144E-002   7.6202473377080663E-004
  0.52343750000000000       0.67224314913031236        3.1157779572492687E-003   1.9296875000000144E-002   7.4864902261295913E-004
  0.52148437500000000       0.66499503355658485        3.3300307952188516E-003   1.9101562500000155E-002   6.7748158086869284E-004
  0.51953125000000000       0.65970714391074692        3.6048219650402073E-003   1.8281250000000152E-002   6.9096349799070450E-004
  0.51757812500000000       0.65550188603602466        3.5548063571364820E-003   1.7617187500000159E-002   6.7657095633551006E-004
  0.51562500000000000       0.65612029776333503        3.4212494737850610E-003   1.7656250000000161E-002   6.9452335410260223E-004
  0.51367187500000000       0.65311416438581427        3.1484115324585866E-003   1.7812500000000162E-002   7.0954038754183699E-004
  0.51171875000000000       0.65092522694386379        2.9994681904760476E-003   1.6406250000000167E-002   5.6620552760895876E-004
  0.50976562500000000       0.64559545854145273        2.6907095522994986E-003   1.6171875000000155E-002   6.1830576913669594E-004
  0.50781250000000000       0.63852843767293710        3.0767061889645721E-003   1.5937500000000167E-002   5.8936026806035422E-004
  0.50585937500000000       0.63493219264103506        3.1217372805448138E-003   1.6132812500000170E-002   6.1739523898053921E-004
  0.50390625000000000       0.63329040008355575        3.0107664014329552E-003   1.4921875000000171E-002   5.7264757799150548E-004
  0.50195312500000000       0.62919972105860600        3.0179866221094189E-003   1.5000000000000166E-002   6.1505663593203696E-004
  0.50000000000000000       0.62753022331792185        2.7641901104962633E-003   1.4882812500000168E-002   6.0488615971672737E-004
  0.49804687500000000       0.62479200934474266        2.9939599089155639E-003   1.4101562500000166E-002   6.1298575341815200E-004
  0.49609375000000000       0.62129982355010061        3.0478114215988172E-003   1.4726562500000172E-002   5.9502112988088691E-004
  0.49414062500000000       0.61747320748174783        2.8333810058340735E-003   1.3750000000000180E-002   5.5376477082016377E-004
  0.49218750000000000       0.61443858239572680        3.0794576006629580E-003   1.3789062500000180E-002   6.0427431365323817E-004
  0.49023437500000000       0.61353893590011799        3.1670799446470873E-003   1.3476562500000178E-002   5.7799221704039785E-004
  0.48828125000000000       0.60891147904248688        2.9283402204393150E-003   1.3398437500000179E-002   5.2746429949293919E-004
  0.48632812500000000       0.60588539144139697        3.0727734055180172E-003   1.3476562500000178E-002   5.4787460501503878E-004
  0.48437500000000000       0.60362579866697552        2.9879609426121619E-003   1.2968750000000182E-002   5.0849495226331189E-004
  0.48242187500000000       0.60261818240600273        2.8776048725232010E-003   1.3046875000000180E-002   4.9727744803275008E-004
  0.48046875000000000       0.59889860753856217        3.0281739174373920E-003   1.2500000000000183E-002   5.0276421831427817E-004
  0.47851562500000000       0.59665285600446283        2.8847952997795171E-003   1.2382812500000187E-002   4.9365337066700158E-004
  0.47656250000000000       0.59397909713441077        3.1695491720714008E-003   1.2343750000000186E-002   4.9882477098321795E-004
  0.47460937500000000       0.58877931491831370        2.9766811298366372E-003   1.1875000000000182E-002   4.9944235791156042E-004
  0.47265625000000000       0.58128622735597557        2.8016826260832493E-003   1.1679687500000186E-002   5.0732664208812020E-004
  0.47070312500000000       0.57737597442986610        3.0973100674502232E-003   1.1718750000000191E-002   4.9968917895845807E-004
  0.46875000000000000       0.57562799444611712        2.9942451130620397E-003   1.1523437500000186E-002   4.6576477356886990E-004
  0.46679687500000000       0.57251413025506470        2.8374786635741085E-003   1.1679687500000186E-002   5.2816513261984418E-004
  0.46484375000000000       0.56960917539015521        2.7716501858951153E-003   1.1601562500000186E-002   4.9177647379830959E-004
  0.46289062500000000       0.56511851421222725        2.6764692866914444E-003   1.1171875000000189E-002   5.1494062326263082E-004
  0.46093750000000000       0.56293759095070450        2.7835162489359207E-003   1.0664062500000187E-002   4.5734966218661106E-004
  0.45898437500000000       0.56189245672133448        2.8426483121215024E-003   1.0742187500000193E-002   4.3849305023653599E-004
  0.45703125000000000       0.56046540092891095        2.5919763436331204E-003   1.0507812500000191E-002   4.7011257663917908E-004
  0.45507812500000000       0.55685331627094503        2.4717549504208033E-003   1.0468750000000188E-002   4.4721138977720876E-004
  0.45312500000000000       0.55432814780104567        2.4626220509269955E-003   1.0156250000000186E-002   4.3363302755715242E-004
  0.45117187500000000       0.55099515839188806        2.3625980287611602E-003   1.0000000000000193E-002   4.2400032831247736E-004
  0.44921875000000000       0.54692292623697858        2.6729653370758384E-003   9.8046875000001952E-003   4.0986021513645684E-004
  0.44726562500000000       0.54415328326269252        2.7190275721998185E-003   1.0156250000000191E-002   4.1917450780363754E-004
  0.44531250000000000       0.54239741248069717        2.6142965437159511E-003   9.9218750000001944E-003   4.2436368456076303E-004
  0.44335937500000000       0.53907193540548659        2.7441773848752966E-003   1.0117187500000190E-002   4.6814130828728756E-004
  0.44140625000000000       0.53889644407751436        2.7650452320116688E-003   9.6875000000001960E-003   4.2819630479712888E-004
  0.43945312500000000       0.53851044587472141        2.7113331943773200E-003   9.3750000000001991E-003   3.9649938978324076E-004
  0.43750000000000000       0.53510207277906996        2.4923366732691960E-003   9.2968750000001939E-003   4.1093056869946301E-004
  0.43554687500000000       0.53199453893201787        2.6384597836919908E-003   9.2187500000001938E-003   3.9851563281251268E-004
  0.43359375000000000       0.52821880971090363        2.6407476148713029E-003   9.0625000000002006E-003   3.7607038944279317E-004
  0.43164062500000000       0.52654118573090369        2.3390777432020912E-003   8.9843750000002023E-003   3.7037139789682495E-004
  0.42968750000000000       0.52145085904349409        2.4331089988840764E-003   8.9453125000001979E-003   3.8584112964789680E-004
  0.42773437500000000       0.51780987520255495        2.3514498809637753E-003   9.0625000000001989E-003   3.6356730720553550E-004
  0.42578125000000000       0.51613003981865657        2.5695609788595796E-003   8.9453125000001979E-003   3.6532240429929213E-004
  0.42382812500000000       0.51269534448542564        2.5950758595062210E-003   8.7890625000002012E-003   3.6565976778274971E-004
  0.42187500000000000       0.50909011658836678        2.5540525715277746E-003   8.5546875000002028E-003   3.5418320343523041E-004
  0.41992187500000000       0.50875758116005865        2.5786949741680833E-003   8.2031250000002033E-003   3.6195276636885755E-004
  0.41796875000000000       0.50747155931738475        2.5011235821847467E-003   8.5546875000001993E-003   3.8343686199760558E-004
  0.41601562500000000       0.50469693203221722        2.6018165725943559E-003   8.3203125000002043E-003   3.8327604124522538E-004
  0.41406250000000000       0.50152590480624415        2.7660480307061404E-003   8.3593750000002034E-003   3.6836847344545281E-004
  0.41210937500000000       0.49898915190941706        2.4831827395511287E-003   8.3984375000002061E-003   3.7399496396731618E-004
  0.41015625000000000       0.49688680820726644        2.3805194794038797E-003   8.3203125000002043E-003   3.5833646465113225E-004
  0.40820312500000000       0.49353658303905923        2.4997618867616117E-003   8.2031250000002050E-003   3.8665916124670785E-004
  0.40625000000000000       0.48927222971170481        2.3550425496115654E-003   8.0468750000002049E-003   3.6753070007651751E-004
  0.40429687500000000       0.48685765096752476        2.1200981078031153E-003   7.8515625000002039E-003   3.6616523020736690E-004
  0.40234375000000000       0.48503861576744123        2.0362856569870183E-003   7.7734375000002073E-003   3.6616523020736668E-004
  0.40039062500000000       0.48050453150851630        1.9756103812567107E-003   7.7343750000002090E-003   3.5973165218617308E-004
  0.39843750000000000       0.47829957245697230        2.0588482145364245E-003   7.6953125000002089E-003   3.7018408409309546E-004
  0.39648437500000000       0.47518109631292288        2.1437845555125593E-003   7.7734375000002099E-003   3.7035058993041070E-004
  0.39453125000000000       0.47184311915381083        2.0816443559964317E-003   7.6953125000002072E-003   3.6176109356571794E-004
  0.39257812500000000       0.46956587506497477        2.1225350994176291E-003   7.6562500000002063E-003   3.5947448666860085E-004
  0.39062500000000000       0.46914937447515193        2.1514951211990922E-003   7.6953125000002072E-003   3.6599682029609786E-004
  0.38867187500000000       0.46692551567846458        2.1850587601003673E-003   7.6562500000002080E-003   3.5947448666860183E-004
  0.38671875000000000       0.46554895169143834        2.1276206521654724E-003   7.3828125000002087E-003   3.5936728005541872E-004
  0.38476562500000000       0.46114744024964127        2.1349699024694946E-003   7.3437500000002086E-003   3.5237262859267503E-004
  0.38281250000000000       0.45890547061623638        2.1965323510272673E-003   7.2265625000002085E-003   3.3022173850765228E-004
  0.38085937500000000       0.45663111566601672        2.0652954485055729E-003   7.1093750000002101E-003   3.2077506480909790E-004
  0.37890625000000000       0.45476057324075292        2.1301316893344606E-003   7.1484375000002084E-003   3.3338049352703433E-004
  0.37695312500000000       0.45184232347104020        2.1772980876476121E-003   7.0703125000002101E-003   3.1746664770290962E-004
  0.37500000000000000       0.44820658328152019        2.1369890340733376E-003   7.1093750000002075E-003   3.5280976141004167E-004
  0.37304687500000000       0.44665681961855264        2.2514588932716433E-003   6.9921875000002083E-003   3.1059532400719899E-004
  0.37109375000000000       0.44301635880550067        2.1770714749922739E-003   6.8359375000002090E-003   3.1590923638926121E-004
  0.36914062500000000       0.43999452679302181        2.1550878872295372E-003   6.9140625000002065E-003   3.2304932972620668E-004
  0.36718750000000000       0.43699717974077529        2.1812323281967722E-003   6.8359375000002073E-003   3.0599587960962324E-004
  0.36523437500000000       0.43404596081010027        2.1905411682373991E-003   6.7578125000002124E-003   3.0840414797726317E-004
  0.36328125000000000       0.43130226426157975        2.2153065029474062E-003   6.7187500000002107E-003   3.0450634831086015E-004
  0.36132812500000000       0.43012723750671555        2.1728767511436094E-003   6.7968750000002125E-003   3.1710231571221417E-004
  0.35937500000000000       0.42952108058200866        2.1781006383902687E-003   6.6796875000002132E-003   3.0050671872215706E-004
  0.35742187500000000       0.42813594810284655        2.1241378598956815E-003   6.6796875000002124E-003   3.0559265640088204E-004
  0.35546875000000000       0.42551652217597247        2.1980477763521048E-003   6.7578125000002090E-003   3.0336534878029869E-004
  0.35351562500000000       0.42052364179012647        2.2928030559718690E-003   6.5234375000002114E-003   3.0940206078722320E-004
  0.35156250000000000       0.41717104096932422        2.1436308240770858E-003   6.4453125000002122E-003   2.9575042018581703E-004
  0.34960937500000000       0.41634479627161797        2.0603583644355035E-003   6.4843750000002122E-003   3.0012179898082023E-004
  0.34765625000000000       0.41410127452357948        2.1060767187885926E-003   6.4453125000002130E-003   3.0599587960962281E-004
  0.34570312500000000       0.41061830493520562        2.0591757975382658E-003   6.4453125000002130E-003   3.0091675707590108E-004
  0.34375000000000000       0.40836809689735487        2.1319974513207404E-003   6.3281250000002147E-003   2.9785358385946652E-004
  0.34179687500000000       0.40481092685664744        2.1011059578169749E-003   6.4062500000002139E-003   3.1661588757538717E-004
  0.33984375000000000       0.40206687133198488        2.0453304093698693E-003   6.2890625000002146E-003   3.1843616178681914E-004
  0.33789062500000000       0.39966284528502227        2.0186081876716758E-003   6.2109375000002146E-003   3.1940273302418604E-004
  0.33593750000000000       0.39791761796777897        1.8391716794723643E-003   6.1718750000002145E-003   3.0501208914814152E-004
  0.33398437500000000       0.39652642739239241        1.8972303953399365E-003   6.1328125000002145E-003   3.0030148959204025E-004
  0.33203125000000000       0.39456579916971518        1.8984179386679193E-003   6.1328125000002145E-003   3.0030148959204008E-004
  0.33007812500000000       0.39072052743661845        1.8635841406534799E-003   6.1328125000002127E-003   3.0030148959204041E-004
  0.32812500000000000       0.39022232670330359        1.9503463120323587E-003   6.0937500000002162E-003   3.0063491578388339E-004
  0.32617187500000000       0.38765123828654319        1.9800700904452030E-003   6.0937500000002144E-003   3.0063491578388355E-004
  0.32421875000000000       0.38744491864413105        1.9270136714150457E-003   6.1328125000002145E-003   3.0030148959204025E-004
  0.32226562500000000       0.38472466369683578        2.0110533433892008E-003   6.1328125000002153E-003   3.0539084514796463E-004
  0.32031250000000000       0.37969289147587504        1.9430383639541626E-003   6.1718750000002154E-003   3.1002412515077559E-004
  0.31835937500000000       0.37759104663249887        1.7761267608896792E-003   6.0156250000002135E-003   2.9598484303134818E-004
  0.31640625000000000       0.37519887424203158        1.8142770795366771E-003   5.9375000000002178E-003   2.8570406896866451E-004
  0.31445312500000000       0.37387736096305546        1.9000234281851506E-003   5.9375000000002169E-003   2.9629711831746037E-004
  0.31250000000000000       0.37122183560321209        1.8656456652659530E-003   5.9375000000002143E-003   2.9629711831746075E-004
  0.31054687500000000       0.36882076818750581        1.9222009647995805E-003   5.9375000000002178E-003   2.9629711831746054E-004
  0.30859375000000000       0.36639458042016892        1.9423259417235695E-003   5.9765625000002161E-003   3.0639857217354334E-004
  0.30664062500000000       0.36402052223481052        1.9816749643309416E-003   5.9375000000002152E-003   3.0652430510680670E-004
  0.30468750000000000       0.36254648234843534        1.7852679938617690E-003   5.8593750000002186E-003   2.9640113696848572E-004
  0.30273437500000000       0.35926711520463600        1.8142670069130312E-003   5.7812500000002168E-003   2.8570406896866499E-004
  0.30078125000000000       0.35887553674845357        1.9316348793898350E-003   5.8203125000002177E-003   2.9637513572829658E-004
  0.29882812500000000       0.35588164077902823        1.8820909227321801E-003   5.8203125000002168E-003   2.9637513572829675E-004
  0.29687500000000000       0.35314454872719353        1.8762057887848963E-003   5.8203125000002177E-003   2.9637513572829631E-004
  0.29492187500000000       0.35018823173562730        1.8805365106702894E-003   5.8203125000002168E-003   2.9637513572829642E-004
  0.29296875000000000       0.34885958051040672        2.0002235371829416E-003   5.7421875000002150E-003   2.9091636956867309E-004
  0.29101562500000000       0.34652601409502376        1.9080341222150871E-003   5.7421875000002167E-003   2.9091636956867298E-004
  0.28906250000000000       0.34326666968316788        1.9573924194389207E-003   5.7421875000002167E-003   2.9091636956867282E-004
  0.28710937500000000       0.34196280654656663        1.9055454222231458E-003   5.7421875000002167E-003   2.9091636956867282E-004
  0.28515625000000000       0.34079576084829449        1.9034202097636334E-003   5.6640625000002175E-003   2.7967938803765595E-004
  0.28320312500000000       0.33694738167158439        1.8651251452734591E-003   5.6640625000002158E-003   2.7967938803765617E-004
  0.28125000000000000       0.33453461379838301        1.7623148035574316E-003   5.6250000000002158E-003   2.7380364194698616E-004
  0.27929687500000000       0.33216697397595568        1.7247224687973503E-003   5.6250000000002166E-003   2.7380364194698616E-004
  0.27734375000000000       0.33132367966302534        1.7110210248895753E-003   5.7031250000002167E-003   2.8538020254795558E-004
  0.27539062500000000       0.32985863435006985        1.7560183968646152E-003   5.6250000000002210E-003   2.7380364194698600E-004
  0.27343750000000000       0.32664114695025398        1.6489012436530989E-003   5.5859375000002183E-003   2.7343749999999883E-004
  0.27148437500000000       0.32438742299942525        1.6496940831912555E-003   5.5859375000002183E-003   2.7343749999999845E-004
  0.26953125000000000       0.32319576766145003        1.7011599542273755E-003   5.5859375000002183E-003   2.7343749999999851E-004
  0.26757812500000000       0.32043961155055173        1.6933327942482100E-003   5.5859375000002166E-003   2.7343749999999845E-004
  0.26562500000000000       0.31727027652211143        1.7139052225093152E-003   5.5859375000002201E-003   2.7343749999999829E-004
  0.26367187500000000       0.31494148796138144        1.6398001693358022E-003   5.5859375000002201E-003   2.7343749999999845E-004
  0.26171875000000000       0.31344824014657752        1.6127626476532409E-003   5.5468750000002183E-003   2.7301441836023017E-004
  0.25976562500000000       0.31071593245105544        1.6914625569071789E-003   5.5078125000002200E-003   2.6681879501530743E-004
  0.25781250000000000       0.30882738098619655        1.5327026841512462E-003   5.4296875000002199E-003   2.6566097312857721E-004
  0.25585937500000000       0.30618902741538212        1.5555100656903798E-003   5.4296875000002173E-003   2.6566097312857807E-004
  0.25390625000000000       0.30495121640720679        1.6354275327716231E-003   5.3906250000002190E-003   2.7074681747525458E-004
  0.25195312500000000       0.30299991067892312        1.5941250791341858E-003   5.3515625000002190E-003   2.6426489091036203E-004
  0.25000000000000000       0.30062244837002827        1.6103210406608393E-003   5.3125000000002207E-003   2.6926263651728857E-004
  0.24804687500000000       0.29750136409962746        1.6326677254850587E-003   5.2734375000002198E-003   2.6843135583448202E-004
  0.24609375000000000       0.29517135296444080        1.5560167592558020E-003   5.2734375000002207E-003   2.6843135583448212E-004
  0.24414062500000000       0.29317702695914527        1.4553531295530046E-003   5.2734375000002163E-003   2.6843135583448229E-004
  0.24218750000000000       0.29240045844413720        1.4192725139695241E-003   5.1953125000002197E-003   2.6658763292294988E-004
  0.24023437500000000       0.28980256718414837        1.4313176277905367E-003   5.1562500000002188E-003   2.6557393299962305E-004
  0.23828125000000000       0.28806235076692249        1.3856716164401385E-003   5.1562500000002206E-003   2.6557393299962256E-004
  0.23632812500000000       0.28508288589180125        1.5680457754957179E-003   5.1562500000002206E-003   2.6557393299962262E-004
  0.23437500000000000       0.28371630374940182        1.6282096071844377E-003   5.1562500000002197E-003   2.6557393299962278E-004
  0.23242187500000000       0.28122678798305178        1.5998731026008310E-003   5.1171875000002197E-003   2.6449808300595481E-004
  0.23046875000000000       0.27921113567985212        1.5781972996017507E-003   5.1171875000002205E-003   2.6449808300595525E-004
  0.22851562500000000       0.27597587984380356        1.5489367804931954E-003   5.1171875000002205E-003   2.6449808300595525E-004
  0.22656250000000000       0.27351320571685295        1.4859575608142509E-003   5.1171875000002188E-003   2.6449808300595525E-004
  0.22460937500000000       0.27059756442861926        1.5618234934276262E-003   5.1171875000002197E-003   2.6449808300595546E-004
  0.22265625000000000       0.26854862543502478        1.4913319722518652E-003   5.1171875000002205E-003   2.6449808300595503E-004
  0.22070312500000000       0.26630388707702862        1.5008312401360547E-003   5.1171875000002197E-003   2.6449808300595514E-004
  0.21875000000000000       0.26366209696526288        1.4516585980240727E-003   5.1171875000002205E-003   2.6449808300595481E-004
  0.21679687500000000       0.26263599703681395        1.5388111200054541E-003   5.1171875000002223E-003   2.6449808300595519E-004
  0.21484375000000000       0.26051355668680282        1.4668233011755918E-003   5.1171875000002205E-003   2.6449808300595514E-004
  0.21289062500000000       0.25842013515861517        1.5232068522824586E-003   5.1171875000002223E-003   2.6449808300595519E-004
  0.21093750000000000       0.25717216439413187        1.5610445022293065E-003   5.1171875000002223E-003   2.6449808300595514E-004
  0.20898437500000000       0.25494723662311070        1.5595608321691819E-003   5.1171875000002223E-003   2.6449808300595497E-004
  0.20703125000000000       0.25176052783315411        1.5054171363769353E-003   5.1171875000002205E-003   2.6449808300595514E-004
  0.20507812500000000       0.24892272928235631        1.4897177518712731E-003   5.1171875000002205E-003   2.6449808300595487E-004
  0.20312500000000000       0.24653522787876173        1.5649812277719270E-003   5.1171875000002188E-003   2.6449808300595535E-004
  0.20117187500000000       0.24413998702250581        1.5313300053833563E-003   5.1171875000002197E-003   2.6449808300595546E-004
  0.19921875000000000       0.24227619000872586        1.4697983247506205E-003   5.1171875000002205E-003   2.6449808300595503E-004
  0.19726562500000000       0.24072711919351797        1.4314021142358690E-003   5.1171875000002223E-003   2.6449808300595443E-004
  0.19531250000000000       0.23942267756836963        1.4066278027552834E-003   5.1171875000002197E-003   2.6449808300595514E-004
  0.19335937500000000       0.23677653808489829        1.4387793961040030E-003   5.1171875000002205E-003   2.6449808300595525E-004
  0.19140625000000000       0.23393412203480454        1.4277374396027321E-003   5.1171875000002197E-003   2.6449808300595519E-004
  0.18945312500000000       0.23199121717259316        1.4044232461256786E-003   5.0781250000002214E-003   2.6335932127470254E-004
  0.18750000000000000       0.22997241989105913        1.3781688028106211E-003   5.0781250000002187E-003   2.6335932127470282E-004
  0.18554687500000000       0.22782928769867627        1.3689829767356318E-003   5.0781250000002179E-003   2.6335932127470292E-004
  0.18359375000000000       0.22625084701882398        1.3133887178539926E-003   5.0781250000002196E-003   2.6335932127470303E-004
  0.18164062500000000       0.22447302246376866        1.3573657988927856E-003   5.0781250000002187E-003   2.6335932127470309E-004
  0.17968750000000000       0.22232201539583815        1.3407987072468592E-003   5.0781250000002187E-003   2.6335932127470292E-004
  0.17773437500000000       0.21979850037539359        1.2804824912782601E-003   5.0781250000002214E-003   2.6335932127470254E-004
  0.17578125000000000       0.21805330609995324        1.2963500066377359E-003   5.0781250000002187E-003   2.6335932127470309E-004
  0.17382812500000000       0.21685033009485510        1.3777265825392767E-003   5.0781250000002196E-003   2.6335932127470309E-004
  0.17187500000000000       0.21564931077264135        1.4535019030814055E-003   5.0781250000002214E-003   2.6335932127470271E-004
  0.16992187500000000       0.21350707105199063        1.4201728420203375E-003   5.0781250000002196E-003   2.6335932127470282E-004
  0.16796875000000000       0.21059560009128372        1.4520118830579844E-003   5.0781250000002222E-003   2.6335932127470282E-004
  0.16601562500000000       0.20846474860538725        1.4768155422849370E-003   5.0781250000002214E-003   2.6335932127470282E-004
  0.16406250000000000       0.20615218276581670        1.4739056023547476E-003   5.0781250000002187E-003   2.6335932127470303E-004
  0.16210937500000000       0.20452345027055760        1.4815313617356073E-003   5.0781250000002196E-003   2.6335932127470260E-004
  0.16015625000000000       0.20160092529404644        1.4722396010904645E-003   5.0781250000002196E-003   2.6335932127470260E-004
  0.15820312500000000       0.19927660649880746        1.5034156394037005E-003   5.0781250000002196E-003   2.6335932127470292E-004
  0.15625000000000000       0.19719438285645860        1.4740404008155416E-003   5.0781250000002222E-003   2.6335932127470271E-004
  0.15429687500000000       0.19583498550495068        1.4653140148708132E-003   5.0781250000002222E-003   2.6335932127470292E-004
  0.15234375000000000       0.19433335144835351        1.4095903406575855E-003   5.0781250000002196E-003   2.6335932127470303E-004
  0.15039062500000000       0.19261216657855887        1.4084322102656235E-003   5.0781250000002222E-003   2.6335932127470292E-004
  0.14843750000000000       0.19069572848955146        1.3901960877298405E-003   5.0781250000002214E-003   2.6335932127470282E-004
  0.14648437500000000       0.18874731478205867        1.3520645401005334E-003   5.0781250000002196E-003   2.6335932127470320E-004
  0.14453125000000000       0.18661172826784195        1.3636812218986581E-003   5.0781250000002222E-003   2.6335932127470282E-004
  0.14257812500000000       0.18445418175198169        1.3376391906074320E-003   5.0781250000002187E-003   2.6335932127470325E-004
  0.14062500000000000       0.18293782525130770        1.3336758612904390E-003   5.0781250000002187E-003   2.6335932127470320E-004
  0.13867187500000000       0.18124739714226187        1.3278893620650566E-003   5.0781250000002222E-003   2.6335932127470282E-004
  0.13671875000000000       0.17895251250241948        1.3013396157939624E-003   5.0781250000002196E-003   2.6335932127470292E-004
  0.13476562500000000       0.17693398418138723        1.2638309349146378E-003   5.0781250000002196E-003   2.6335932127470325E-004
  0.13281250000000000       0.17479837524701891        1.2664840895617669E-003   5.0781250000002222E-003   2.6335932127470309E-004
  0.13085937500000000       0.17276107944477892        1.2691701526136431E-003   5.0390625000002213E-003   2.6797161436095988E-004
  0.12890625000000000       0.17052597107450887        1.2626344349727799E-003   5.0390625000002213E-003   2.6797161436095988E-004
  0.12695312500000000       0.16881262478458370        1.2994592307798902E-003   5.0390625000002178E-003   2.6797161436096037E-004
  0.12500000000000000       0.16668100298308908        1.3107011399693242E-003   5.0390625000002187E-003   2.6797161436096031E-004
  0.12304687500000000       0.16551020307504050        1.3181515580915570E-003   5.0390625000002213E-003   2.6797161436095993E-004
  0.12109375000000000       0.16378884628286450        1.2795701282981493E-003   5.0390625000002213E-003   2.6797161436096037E-004
  0.11914062500000000       0.16140624078890681        1.2813312174835142E-003   5.0390625000002213E-003   2.6797161436096031E-004
  0.11718750000000000       0.15971930156334427        1.2967172457076341E-003   5.0390625000002213E-003   2.6797161436095993E-004
  0.11523437500000000       0.15741073644254383        1.2607152338136858E-003   5.0390625000002187E-003   2.6797161436096031E-004
  0.11328125000000000       0.15555452097548586        1.1907063249787220E-003   5.0390625000002178E-003   2.6797161436096020E-004
  0.11132812500000000       0.15379118703048852        1.2132795630145309E-003   5.0390625000002187E-003   2.6797161436096020E-004
  0.10937500000000000       0.15131916895439365        1.2197771408410615E-003   5.0000000000002195E-003   2.6673213270749077E-004
  0.10742187500000000       0.14917389944297987        1.2737767833912097E-003   5.0000000000002195E-003   2.6673213270749071E-004
  0.10546875000000000       0.14737959873992740        1.2614640363579580E-003   5.0000000000002195E-003   2.6673213270749034E-004
  0.10351562500000000       0.14496453720422747        1.2203286726258033E-003   5.0000000000002221E-003   2.6673213270749034E-004
  0.10156250000000000       0.14321241870037649        1.1833387276002634E-003   5.0000000000002213E-003   2.6673213270749006E-004
   9.9609375000000000E-002  0.14090379381442097        1.2226323846652011E-003   5.0000000000002213E-003   2.6673213270749044E-004
   9.7656250000000000E-002  0.13918490140599743        1.2252303442071076E-003   5.0000000000002213E-003   2.6673213270749044E-004
   9.5703125000000000E-002  0.13748877992746952        1.2223992579911440E-003   5.0000000000002195E-003   2.6673213270749071E-004
   9.3750000000000000E-002  0.13584099661575288        1.2139315852080044E-003   4.9609375000002195E-003   2.6542880269040818E-004
   9.1796875000000000E-002  0.13394357565354323        1.1844275847240336E-003   4.9609375000002195E-003   2.6542880269040818E-004
   8.9843750000000000E-002  0.13226374957662318        1.1594542962156135E-003   4.9609375000002204E-003   2.6542880269040840E-004
   8.7890625000000000E-002  0.13001868596863830        1.1761536798913805E-003   4.9609375000002230E-003   2.6542880269040824E-004
   8.5937500000000000E-002  0.12817324179674419        1.1938074878182045E-003   4.9609375000002230E-003   2.6542880269040802E-004
   8.3984375000000000E-002  0.12621133847979366        1.1881268668653912E-003   4.9609375000002230E-003   2.6542880269040807E-004
   8.2031250000000000E-002  0.12467651076892289        1.1754133300336117E-003   4.9609375000002221E-003   2.6542880269040834E-004
   8.0078125000000000E-002  0.12294218291822367        1.1454400178036819E-003   4.9609375000002221E-003   2.6542880269040818E-004
   7.8125000000000000E-002  0.12097842111401569        1.1538767284705125E-003   4.9609375000002221E-003   2.6542880269040818E-004
   7.6171875000000000E-002  0.11890180371547725        1.1618300356468140E-003   4.9609375000002204E-003   2.6542880269040840E-004
   7.4218750000000000E-002  0.11719690157450287        1.1601809850435849E-003   4.9609375000002212E-003   2.6542880269040824E-004
   7.2265625000000000E-002  0.11505477919101434        1.1543598937933815E-003   4.9609375000002212E-003   2.6542880269040791E-004
   7.0312500000000000E-002  0.11327034580902469        1.1436288738595653E-003   4.9609375000002212E-003   2.6542880269040802E-004
   6.8359375000000000E-002  0.11153407974000312        1.1485517341848625E-003   4.9609375000002230E-003   2.6542880269040791E-004
   6.6406250000000000E-002  0.10978368350897223        1.1427321342812615E-003   4.9609375000002212E-003   2.6542880269040807E-004
   6.4453125000000000E-002  0.10779502003121706        1.1516446105529722E-003   4.9609375000002204E-003   2.6542880269040867E-004
   6.2500000000000000E-002  0.10599459772072808        1.1548900091314328E-003   4.9609375000002212E-003   2.6542880269040840E-004
   6.0546875000000000E-002  0.10401820236032901        1.1555916627533894E-003   4.9609375000002212E-003   2.6542880269040834E-004
   5.8593750000000000E-002  0.10220037524921041        1.1713966377730144E-003   4.9609375000002230E-003   2.6542880269040807E-004
   5.6640625000000000E-002  0.10039727016991952        1.1275503490968783E-003   4.9609375000002212E-003   2.6542880269040834E-004
   5.4687500000000000E-002   9.8771917290326250E-002   1.1358149965312416E-003   4.9609375000002265E-003   2.6542880269040802E-004
   5.2734375000000000E-002   9.7171240939852244E-002   1.1206287107862543E-003   4.9609375000002256E-003   2.6542880269040780E-004
   5.0781250000000000E-002   9.5244701333041776E-002   1.1213111229539633E-003   4.9609375000002230E-003   2.6542880269040824E-004
   4.8828125000000000E-002   9.3512350385838355E-002   1.1228911985038403E-003   4.9609375000002238E-003   2.6542880269040802E-004
   4.6875000000000000E-002   9.2013521088332412E-002   1.1368921498678449E-003   4.9609375000002230E-003   2.6542880269040807E-004
   4.4921875000000000E-002   9.0324403950151413E-002   1.1138861765078937E-003   4.9609375000002221E-003   2.6542880269040802E-004
   4.2968750000000000E-002   8.8599036502816558E-002   1.1133618300098939E-003   4.9609375000002212E-003   2.6542880269040824E-004
   4.1015625000000000E-002   8.6755990507702913E-002   1.0996599623577922E-003   4.9609375000002212E-003   2.6542880269040807E-004
   3.9062500000000000E-002   8.4943262847347573E-002   1.0837815113955453E-003   4.9609375000002221E-003   2.6542880269040802E-004
   3.7109375000000000E-002   8.3249635441044259E-002   1.0895678156093258E-003   4.9609375000002212E-003   2.6542880269040824E-004
   3.5156250000000000E-002   8.1748507003914547E-002   1.0748249164580215E-003   4.9609375000002212E-003   2.6542880269040818E-004
   3.3203125000000000E-002   8.0043768632795359E-002   1.0785050844880654E-003   4.9609375000002204E-003   2.6542880269040824E-004
   3.1250000000000000E-002   7.8373071127899152E-002   1.0789817247881094E-003   4.9609375000002195E-003   2.6542880269040824E-004
   2.9296875000000000E-002   7.6681235461382169E-002   1.0714406061048036E-003   4.9609375000002212E-003   2.6542880269040802E-004
   2.7343750000000000E-002   7.5012457196706045E-002   1.0692646876813352E-003   4.9609375000002212E-003   2.6542880269040824E-004
   2.5390625000000000E-002   7.3231832698637755E-002   1.0770122128373261E-003   4.9609375000002204E-003   2.6542880269040824E-004
   2.3437500000000000E-002   7.1595892676339409E-002   1.0770081074080490E-003   4.9609375000002230E-003   2.6542880269040807E-004
   2.1484375000000000E-002   6.9994068380387700E-002   1.0803031360799591E-003   4.9609375000002186E-003   2.6542880269040856E-004
   1.9531250000000000E-002   6.8428868391891579E-002   1.0813766122916566E-003   4.9609375000002204E-003   2.6542880269040824E-004
   1.7578125000000000E-002   6.6862835682701183E-002   1.0785594022344653E-003   4.9609375000002204E-003   2.6542880269040780E-004
   1.5625000000000000E-002   6.5333483892745417E-002   1.0762497350555601E-003   4.9609375000002204E-003   2.6542880269040807E-004
   1.3671875000000000E-002   6.3762831980308923E-002   1.0781392188973376E-003   4.9609375000002212E-003   2.6542880269040802E-004
   1.1718750000000000E-002   6.2333844771425270E-002   1.0757775634460524E-003   4.9609375000002204E-003   2.6542880269040840E-004
   9.7656250000000000E-003   6.0906590268811664E-002   1.0811478988959878E-003   4.9609375000002221E-003   2.6542880269040807E-004
   7.8125000000000000E-003   5.9428207472302930E-002   1.0802415227456402E-003   4.9609375000002212E-003   2.6542880269040818E-004
   5.8593750000000000E-003   5.8009946152640400E-002   1.0823770696966549E-003   4.9609375000002230E-003   2.6542880269040807E-004
   3.9062500000000000E-003   5.6554422533688475E-002   1.0848700563022907E-003   4.9609375000002230E-003   2.6542880269040818E-004
   1.9531250000000000E-003   5.5185251763940374E-002   1.0865859248340656E-003   4.9609375000002221E-003   2.6542880269040840E-004
   0.0000000000000000        5.5185251763940374E-002   1.0865859248340656E-003   4.9609375000002221E-003   2.6542880269040840E-004
