   1.0000000000000000        1.5732833751895121        6.0210122988441032E-003  0.19621093749999985        1.9557707774090537E-003
  0.99804687500000000        1.5716307586721410        5.5116201013799019E-003  0.19488281249999989        2.0361118182968168E-003
  0.99609375000000000        1.5731778483452472        6.1347295875519804E-003  0.19765624999999989        2.3126354297634080E-003
  0.99414062500000000        1.5740030597883055        5.1618122794374489E-003  0.19656249999999989        2.1060550707087773E-003
  0.99218750000000000        1.5686751434571835        4.5911910825746551E-003  0.19410156249999988        2.2046074994074801E-003
  0.99023437500000000        1.5693307315361569        4.8350773542543092E-003  0.19390624999999989        1.8097808648354214E-003
  0.98828125000000000        1.5579143978208803        5.5277633380249967E-003  0.19160156249999993        1.9042779051599006E-003
  0.98632812500000000        1.5497581586522093        4.7560928208439292E-003  0.18976562499999988        1.8306619817728634E-003
  0.98437500000000000        1.5484271706377479        5.0237979502669042E-003  0.19097656249999992        2.0368686556223670E-003
  0.98242187500000000        1.5536296174489621        5.3973551187152802E-003  0.19082031249999989        1.8822976867534785E-003
  0.98046875000000000        1.5602291154306911        5.1961618751570141E-003  0.19070312499999989        2.1826046640368983E-003
  0.97851562500000000        1.5554123145833616        5.6150353851708249E-003  0.19097656249999989        2.0728719052098671E-003
  0.97656250000000000        1.5533502464524274        6.0091635252165002E-003  0.19093749999999990        2.0181566152648175E-003
  0.97460937500000000        1.5508770937258620        5.2193995704560283E-003  0.18859374999999989        2.0885646913639802E-003
  0.97265625000000000        1.5459554934418229        5.2088504629635140E-003  0.18785156249999990        1.9685274933885599E-003
  0.97070312500000000        1.5390531820662152        5.3343027469401720E-003  0.18710937499999988        2.0673660124236144E-003
  0.96875000000000000        1.5394106794000983        5.1628113123079163E-003  0.18511718749999989        1.9565902025621370E-003
  0.96679687500000000        1.5308696540353264        4.8145624491495878E-003  0.18187499999999990        2.1216876665269544E-003
  0.96484375000000000        1.5291750346931068        5.2160487291822060E-003  0.18406249999999993        2.0273004531950584E-003
  0.96289062500000000        1.5322653058925646        5.3208423723293914E-003  0.18667968749999994        2.2629805132056164E-003
  0.96093750000000000        1.5256543185493083        5.4209673511517731E-003  0.18324218749999993        2.0149579427784468E-003
  0.95898437500000000        1.5193338557665683        5.7215164158067721E-003  0.18398437499999992        2.0006836002259276E-003
  0.95703125000000000        1.5214879116522122        5.7378599072387838E-003  0.18070312499999994        1.9484793234131614E-003
  0.95507812500000000        1.5060338312517243        5.1568575281375224E-003  0.17804687499999988        2.0042857480135940E-003
  0.95312500000000000        1.5085590575116870        5.4104791897602927E-003  0.17976562499999993        2.2824339454011662E-003
  0.95117187500000000        1.5024262842115208        5.2171192252699634E-003  0.17605468749999992        2.0058807842845746E-003
  0.94921875000000000        1.5011429766270801        4.7195343208092967E-003  0.17960937499999993        1.8555819260405403E-003
  0.94726562500000000        1.5032447805933580        4.5818063746877347E-003  0.17851562499999993        1.7233889131015954E-003
  0.94531250000000000        1.5013341347545384        4.2265207082892650E-003  0.17554687499999994        1.7002672136153952E-003
  0.94335937500000000        1.4956774534414194        4.5492364212627312E-003  0.17624999999999993        1.9442506723884694E-003
  0.94140625000000000        1.4917837712559929        4.9963279231620538E-003  0.17378906249999992        2.0568983069952943E-003
  0.93945312500000000        1.4978110812498076        4.3378478707856768E-003  0.17882812499999992        1.7970122367442255E-003
  0.93750000000000000        1.4914650664187317        4.4035815566304069E-003  0.17566406249999994        2.0129375276775755E-003
  0.93554687500000000        1.4898180352784234        4.8263830189375443E-003  0.17613281249999990        1.8255316403734568E-003
  0.93359375000000000        1.4836688102247400        4.8510441564853200E-003  0.17425781249999994        1.7308805954007287E-003
  0.93164062500000000        1.4843587497710282        5.0499491716737427E-003  0.17343749999999994        1.7853267188543630E-003
  0.92968750000000000        1.4774836005663514        5.2364682779838037E-003  0.17464843749999992        1.8993504762140265E-003
  0.92773437500000000        1.4765304098185854        4.8149237328587178E-003  0.17113281249999993        1.7859266190668084E-003
  0.92578125000000000        1.4659119078903526        4.8635293963020226E-003  0.17027343749999993        2.0692997689782198E-003
  0.92382812500000000        1.4634064404286458        5.8678940049448694E-003  0.16804687499999993        1.7714424921511003E-003
  0.92187500000000000        1.4623715961277253        5.1929912730008798E-003  0.16828124999999994        1.5100084349051620E-003
  0.91992187500000000        1.4596848228591639        5.1850896736986112E-003  0.16921874999999992        1.8654401704883117E-003
  0.91796875000000000        1.4545527492038992        5.1134689368664988E-003  0.16785156249999994        1.8799051671035273E-003
  0.91601562500000000        1.4509063552781500        4.5664149942182767E-003  0.16910156249999994        1.8491875591475355E-003
  0.91406250000000000        1.4520813814784379        5.3657361877231524E-003  0.16648437499999993        1.8362103211756390E-003
  0.91210937500000000        1.4427000568450630        4.5497850197114588E-003  0.16539062499999993        1.6960921888005184E-003
  0.91015625000000000        1.4421495721597091        4.8550639401767617E-003  0.16343749999999993        1.8048345612715947E-003
  0.90820312500000000        1.4313154856948100        5.0939812869771331E-003  0.16484374999999993        2.0475140445491659E-003
  0.90625000000000000        1.4332502355235202        5.4099799539269683E-003  0.16199218749999994        2.2739602799776914E-003
  0.90429687500000000        1.4317686610879730        4.7554284607677789E-003  0.16234374999999993        2.0013152142542160E-003
  0.90234375000000000        1.4297258067209553        4.9619227527647209E-003  0.16257812499999993        1.9102619904089399E-003
  0.90039062500000000        1.4299655464988903        5.7087341119476994E-003  0.16121093749999993        1.8761299402006166E-003
  0.89843750000000000        1.4267889063742165        5.2348749204351470E-003  0.16050781249999993        1.9926516467625526E-003
  0.89648437500000000        1.4284099867496074        4.9375223299598144E-003  0.16292968749999992        2.1209429285232017E-003
  0.89453125000000000        1.4236428591940213        5.2734139544474718E-003  0.16039062499999995        2.0307491369667930E-003
  0.89257812500000000        1.4193793709597406        5.4742795254787615E-003  0.15917968749999994        1.9561805328917512E-003
  0.89062500000000000        1.4291264911296835        5.4175085449526070E-003  0.16042968749999992        1.8944427746054020E-003
  0.88867187500000000        1.4144094986243965        5.2912426594876978E-003  0.15812499999999996        2.2232546479164475E-003
  0.88671875000000000        1.4153489729603073        5.6032769440481052E-003  0.15550781249999995        1.7386990457367805E-003
  0.88476562500000000        1.4128641531977939        5.6572073111979355E-003  0.15929687499999995        1.7987268125834572E-003
  0.88281250000000000        1.4081560408496170        6.0907954792765139E-003  0.15683593749999994        1.8863874203891775E-003
  0.88085937500000000        1.4065896382666756        5.1544108625030133E-003  0.15660156249999996        1.9048605724061771E-003
  0.87890625000000000        1.4031476274014574        5.1219459697529534E-003  0.15605468749999996        1.7313079667368044E-003
  0.87695312500000000        1.3997132456829431        4.6494294850634851E-003  0.15539062499999998        1.4768800013379587E-003
  0.87500000000000000        1.3997585583478951        4.7497749981850962E-003  0.15476562499999996        1.7423164826896661E-003
  0.87304687500000000        1.3922020305432199        4.7059293866680754E-003  0.15121093749999995        1.5901660147129525E-003
  0.87109375000000000        1.3865218929272678        4.9594875809357364E-003  0.15078124999999995        1.9574604659339497E-003
  0.86914062500000000        1.3809914999016057        4.8782561776500944E-003  0.14964843749999995        1.9509102025694123E-003
  0.86718750000000000        1.3844118957439868        4.9019462918493736E-003  0.15054687499999997        1.7286752850097550E-003
  0.86523437500000000        1.3783680635343805        4.8752276588903323E-003  0.14796874999999995        1.8674220814880603E-003
  0.86328125000000000        1.3706458514286399        5.2801406544506508E-003  0.14691406249999997        1.7731079072313637E-003
  0.86132812500000000        1.3659090952017903        5.3632924894010696E-003  0.14921874999999996        1.8372340884176424E-003
  0.85937500000000000        1.3631843129345051        5.4521604339685158E-003  0.14843749999999997        1.9039743620153861E-003
  0.85742187500000000        1.3596388552391125        5.7057369583710851E-003  0.14585937499999996        1.7837893637310804E-003
  0.85546875000000000        1.3556097188870473        5.8751300232329469E-003  0.14386718749999999        1.8322399231133716E-003
  0.85351562500000000        1.3531809044725056        5.9864687677656315E-003  0.14378906249999995        1.8972394456175511E-003
  0.85156250000000000        1.3420161717673491        6.5294729134703789E-003  0.14117187499999997        2.1837624771618687E-003
  0.84960937500000000        1.3433597577993490        5.7746433002010249E-003  0.14121093749999997        1.9187915065900663E-003
  0.84765625000000000        1.3454269865937349        5.0526627027852990E-003  0.13976562499999998        2.1014394314064289E-003
  0.84570312500000000        1.3415801145535582        4.6340963057845044E-003  0.14203124999999997        1.9797895750214138E-003
  0.84375000000000000        1.3353047324633847        4.8265593309256994E-003  0.14117187499999997        1.6244239764323265E-003
  0.84179687500000000        1.3307984021522663        4.6295962427860800E-003  0.13999999999999996        1.6448845918152755E-003
  0.83984375000000000        1.3295956762462726        4.4165213820565553E-003  0.13925781249999997        1.6613453387884964E-003
  0.83789062500000000        1.3264938348367175        5.1087584576687568E-003  0.13820312499999995        1.7449683311737125E-003
  0.83593750000000000        1.3215408215395694        5.4434095748726119E-003  0.13687499999999997        1.9296410135794071E-003
  0.83398437500000000        1.3227941985884339        5.1610473725671700E-003  0.13726562499999997        1.9629801865811663E-003
  0.83203125000000000        1.3180284202718260        4.7820465468363669E-003  0.13324218749999997        1.6233561989296087E-003
  0.83007812500000000        1.3111012828849808        4.1498183144164421E-003  0.13394531249999997        1.5449366027428459E-003
  0.82812500000000000        1.3034746239769597        4.9053126085551856E-003  0.13175781249999999        1.6784023595513634E-003
  0.82617187500000000        1.3042247405162775        5.3918001250125467E-003  0.13242187499999999        1.5757604923532097E-003
  0.82421875000000000        1.3007866484403490        5.2200431036054096E-003  0.13382812499999999        2.0381735394837202E-003
  0.82226562500000000        1.2907381195549528        5.0762864305809608E-003  0.13058593749999997        1.6815217111159097E-003
  0.82031250000000000        1.2914693985207970        4.9455315019221509E-003  0.12824218749999999        1.7914070226218957E-003
  0.81835937500000000        1.2899808759484173        4.7267244851953135E-003  0.13042968749999997        1.9095477960689618E-003
  0.81640625000000000        1.2824227301594473        4.8236650044080065E-003  0.12648437499999998        1.8286402299936457E-003
  0.81445312500000000        1.2749166406558965        4.8601511054911107E-003  0.12855468749999999        1.8853412934352024E-003
  0.81250000000000000        1.2768374308561072        5.1724093528656267E-003  0.12812499999999999        1.8262955697824317E-003
  0.81054687500000000        1.2741819071774245        5.3487681299244595E-003  0.12890624999999997        1.8481078656509102E-003
  0.80859375000000000        1.2641277271258320        4.5356804386523109E-003  0.12417968749999998        1.7043189723537334E-003
  0.80664062500000000        1.2683557547410580        4.8971669876083776E-003  0.12390624999999998        1.5256465061341221E-003
  0.80468750000000000        1.2647257004553145        5.3318081641079759E-003  0.12238281249999998        1.6111191683268328E-003
  0.80273437500000000        1.2586094644517620        4.7961871424703215E-003  0.12089843749999998        1.7882380190765580E-003
  0.80078125000000000        1.2565998608099285        4.6184468725607207E-003  0.12363281249999998        1.9371784300081997E-003
  0.79882812500000000        1.2526121797464576        5.5441193594549087E-003  0.12117187499999998        1.9312857281108659E-003
  0.79687500000000000        1.2500693642401552        5.0374074286349780E-003  0.12175781249999998        1.6024861065573053E-003
  0.79492187500000000        1.2455393139957878        5.3862688227232529E-003  0.12085937499999996        1.6902663037393893E-003
  0.79296875000000000        1.2393562576801103        5.1550922176236249E-003  0.11546874999999998        1.8155628183948512E-003
  0.79101562500000000        1.2342454585277112        5.4521880150071077E-003  0.11605468749999998        1.9034035698557289E-003
  0.78906250000000000        1.2316251381500358        5.6032955325810083E-003  0.11558593749999999        1.8910552287743788E-003
  0.78710937500000000        1.2250132599423409        5.3977387135684856E-003  0.11621093749999999        1.8929126152558158E-003
  0.78515625000000000        1.2204707077849595        5.2296550973151158E-003  0.11285156249999999        1.7573915741816691E-003
  0.78320312500000000        1.2196051415606486        4.9889141957545581E-003  0.11328124999999999        1.7592367616628124E-003
  0.78125000000000000        1.2162064533333719        4.5308525071247711E-003  0.11160156249999999        1.4660650947950584E-003
  0.77929687500000000        1.2123414224555400        4.5286576402163645E-003  0.11410156249999998        1.5558719505902525E-003
  0.77734375000000000        1.2071522465169264        4.9383737981975838E-003  0.11085937499999998        1.5886969000158419E-003
  0.77539062500000000        1.2058741951793583        5.0371893539359804E-003  0.10945312500000000        1.5654367918488295E-003
  0.77343750000000000        1.2003875707260372        5.0597320025290160E-003  0.10832031250000000        1.4958304564814582E-003
  0.77148437500000000        1.1903621538528233        5.2173767037610435E-003  0.10808593750000001        1.4929425710054523E-003
  0.76953125000000000        1.1821211020155160        4.6722101075285603E-003  0.10703124999999999        1.4887503630977609E-003
  0.76757812500000000        1.1773266879581952        4.8455607750323756E-003  0.10429687500000000        1.7180145063147186E-003
  0.76562500000000000        1.1757188969242049        4.8980987708718343E-003  0.10246093750000000        1.5819642689867113E-003
  0.76367187500000000        1.1715765462350378        5.4612990614102946E-003  0.10249999999999999        1.4553710444054895E-003
  0.76171875000000000        1.1771617759499322        4.7795277167109350E-003  0.10378906250000000        1.5597899082515935E-003
  0.75976562500000000        1.1665065080318184        4.8824699653025605E-003  0.10066406250000000        1.6957604694880877E-003
  0.75781250000000000        1.1615695076175341        4.5645215178763184E-003   9.9140624999999996E-002   1.3788676307115188E-003
  0.75585937500000000        1.1556584640634784        4.2617765988164158E-003  0.10003906250000000        1.4508897135816249E-003
  0.75390625000000000        1.1558008792125885        4.6107568074532914E-003  0.10179687500000000        1.5514325524508855E-003
  0.75195312500000000        1.1544224369262994        4.5236762269523344E-003   9.9999999999999978E-002   1.5436441172333778E-003
  0.75000000000000000        1.1514558507374371        4.7853197440538928E-003  0.10128906250000000        1.7097003708465663E-003
  0.74804687500000000        1.1496180192307175        4.5766684306994213E-003   9.7265624999999994E-002   1.5600319839277417E-003
  0.74609375000000000        1.1441042416698410        4.8774282426044500E-003   9.6484374999999997E-002   1.3785546124844977E-003
  0.74414062500000000        1.1372899650554689        4.5157751067197395E-003   9.4335937499999994E-002   1.4278458463190956E-003
  0.74218750000000000        1.1332827982102780        4.4799057710189338E-003   9.3281250000000024E-002   1.3905549508517663E-003
  0.74023437500000000        1.1302038802514152        4.5522662544365440E-003   9.3437500000000007E-002   1.6800774374138450E-003
  0.73828125000000000        1.1237327960977719        5.1421014643056725E-003   9.2656249999999996E-002   1.6941463879787723E-003
  0.73632812500000000        1.1246005226696218        4.7707272983883746E-003   9.2812500000000006E-002   1.6006239165864296E-003
  0.73437500000000000        1.1215517330494267        4.7152404919703654E-003   9.3164062500000006E-002   1.5883039361980153E-003
  0.73242187500000000        1.1142790966631437        4.7630021619546933E-003   9.0859375000000020E-002   1.3864922701490459E-003
  0.73046875000000000        1.1125347665357779        4.7257347144602693E-003   9.1015625000000017E-002   1.4747076877681014E-003
  0.72851562500000000        1.1056809793896036        4.9631913237843800E-003   8.9023437500000024E-002   1.4481250786757183E-003
  0.72656250000000000        1.1063161800566512        5.3154551325429256E-003   8.9335937500000004E-002   1.4463785141881900E-003
  0.72460937500000000        1.1008343709671440        4.5501585962933111E-003   8.8203125000000021E-002   1.4058773004993435E-003
  0.72265625000000000        1.0961034739402618        4.1691652009033771E-003   8.4843750000000023E-002   1.3092605224057914E-003
  0.72070312500000000        1.0913908534239809        4.3686993514471112E-003   8.4140625000000024E-002   1.4407891868357290E-003
  0.71875000000000000        1.0858536656276461        4.7323311414590920E-003   8.3398437500000019E-002   1.2665304837796473E-003
  0.71679687500000000        1.0757433125418190        4.5448515489016116E-003   8.4687499999999999E-002   1.4000547456152286E-003
  0.71484375000000000        1.0708856100863149        4.3528285085138729E-003   8.1445312500000019E-002   1.4407410470443850E-003
  0.71289062500000000        1.0635812222568002        4.4619415032855110E-003   7.9921875000000003E-002   1.4300516229887982E-003
  0.71093750000000000        1.0572251129847805        5.0477001202948440E-003   7.9921875000000003E-002   1.5430648923984965E-003
  0.70898437500000000        1.0562033864538385        4.8419391832657836E-003   7.6796875000000014E-002   1.5438637663576285E-003
  0.70703125000000000        1.0574892427437839        4.8317674886663121E-003   7.9843750000000005E-002   1.3994381172014222E-003
  0.70507812500000000        1.0563017717061702        4.4290469801887850E-003   7.7304687500000011E-002   1.3614485429935966E-003
  0.70312500000000000        1.0459870201857764        4.5493624861625767E-003   7.6328125000000011E-002   1.3896013994668609E-003
  0.70117187500000000        1.0401000632715296        4.5647017751138403E-003   7.5312500000000004E-002   1.4690320489985456E-003
  0.69921875000000000        1.0402503551450906        4.9241660452342510E-003   7.5625000000000012E-002   1.5321387340508003E-003
  0.69726562500000000        1.0334468719983760        5.2283717920511077E-003   7.4375000000000011E-002   1.4044952576145043E-003
  0.69531250000000000        1.0246643405619844        5.0731717074893219E-003   7.3085937500000003E-002   1.4385141607397166E-003
  0.69335937500000000        1.0159844459564511        4.7602809345795591E-003   7.0976562500000007E-002   1.4784185297927461E-003
  0.69140625000000000        1.0171056914254408        4.2148161019419364E-003   7.2421875000000011E-002   1.4535695665122679E-003
  0.68945312500000000        1.0149705006622589        4.5299776977573408E-003   7.0156250000000003E-002   1.3890467082052281E-003
  0.68750000000000000        1.0111208696857763        4.6424994250684384E-003   7.1406250000000018E-002   1.3600723495777215E-003
  0.68554687500000000        1.0067856740674332        4.5311744993316860E-003   6.8593750000000023E-002   1.3455344769736474E-003
  0.68359375000000000       0.99626248573719667        4.9769790532808045E-003   6.6289062500000023E-002   1.4354680257970022E-003
  0.68164062500000000       0.99394894618480178        4.8135199930028063E-003   6.5312500000000023E-002   1.2782863296838310E-003
  0.67968750000000000       0.98397499417619616        4.4131553842500938E-003   6.6601562500000003E-002   1.3478863965941082E-003
  0.67773437500000000       0.98173727203934302        4.2652393764533517E-003   6.4062500000000022E-002   1.2402456373017284E-003
  0.67578125000000000       0.97691218595425766        4.3873510806330309E-003   6.3554687500000012E-002   1.4315974126650293E-003
  0.67382812500000000       0.97078798200299887        4.6044656969203906E-003   6.1406250000000016E-002   1.1284297291921897E-003
  0.67187500000000000       0.96878288793240519        4.4383643742751206E-003   6.0234375000000021E-002   1.2279813799129411E-003
  0.66992187500000000       0.96910563779981129        4.7182449148973245E-003   6.1210937500000021E-002   1.3360334856828448E-003
  0.66796875000000000       0.96292758448349458        4.6615920645948598E-003   6.0703125000000017E-002   1.2555854928145752E-003
  0.66601562500000000       0.95539524143688026        4.4344090646119072E-003   5.9492187500000016E-002   1.2400654282000089E-003
  0.66406250000000000       0.95420970431490393        4.4387588188859548E-003   5.8984375000000019E-002   1.2666825921671333E-003
  0.66210937500000000       0.94856473134970953        4.4884426557973240E-003   5.6406250000000019E-002   1.1191583392253244E-003
  0.66015625000000000       0.94833452435967502        4.3983006723149979E-003   5.4921875000000016E-002   1.2597522431704558E-003
  0.65820312500000000       0.94270785195633411        4.5952137244664650E-003   5.5156250000000018E-002   1.3012307814977248E-003
  0.65625000000000000       0.94116284570494779        4.5335210059844425E-003   5.5000000000000021E-002   1.1602166297036607E-003
  0.65429687500000000       0.93037319711632505        4.2485142981467539E-003   5.3046875000000021E-002   1.2601926218981875E-003
  0.65234375000000000       0.92636073304854094        4.5768721491479866E-003   5.3554687500000017E-002   1.0784448979181370E-003
  0.65039062500000000       0.92254486815768899        4.5880848252567536E-003   5.1835937500000019E-002   1.1736557913073990E-003
  0.64843750000000000       0.91957869025766503        4.1704178105486395E-003   5.1484375000000020E-002   1.0422287782589170E-003
  0.64648437500000000       0.91744413404486314        3.9495357356141136E-003   5.0976562500000024E-002   1.1164764946295564E-003
  0.64453125000000000       0.91519871498576788        3.6966555607069150E-003   5.0429687500000014E-002   1.0208849684490680E-003
  0.64257812500000000       0.90841814090720774        3.7331163857856702E-003   4.9882812500000026E-002   1.2174874785947677E-003
  0.64062500000000000       0.90486588069734042        3.9185234959214811E-003   4.9375000000000030E-002   1.1888760468336714E-003
  0.63867187500000000       0.89943444830056440        3.6355609510844268E-003   4.8984375000000017E-002   1.1848503050693774E-003
  0.63671875000000000       0.89214875545237016        3.6671126934019410E-003   4.8046875000000017E-002   1.1111141936904917E-003
  0.63476562500000000       0.88491142305109338        3.9200721291557054E-003   4.7109375000000016E-002   1.1630560420073355E-003
  0.63281250000000000       0.88215610993053717        4.1874380951835285E-003   4.5976562500000019E-002   1.0295444626743616E-003
  0.63085937500000000       0.87834262777213512        4.2601781453241241E-003   4.5156250000000030E-002   1.0302403612847916E-003
  0.62890625000000000       0.87559406508225646        3.8936376296435488E-003   4.3789062500000024E-002   1.0435810415439237E-003
  0.62695312500000000       0.87227406122750029        4.0079402839256293E-003   4.4921875000000035E-002   1.2383801376687534E-003
  0.62500000000000000       0.86684951332326510        4.3674948532104801E-003   4.5820312500000029E-002   1.1551241255309014E-003
  0.62304687500000000       0.86518144703448496        4.6832610609362996E-003   4.4804687500000023E-002   1.1040937989642533E-003
  0.62109375000000000       0.86159044949995933        4.1429980773831625E-003   4.4062500000000046E-002   1.0923399099415040E-003
  0.61914062500000000       0.85691371823361451        4.3925216060834559E-003   4.3632812500000034E-002   1.1365615210042388E-003
  0.61718750000000000       0.85373200681989714        4.0122943342668516E-003   4.2968750000000035E-002   1.1959593693480221E-003
  0.61523437500000000       0.84565612131230816        4.1229190381496519E-003   4.3125000000000038E-002   1.1254755763866824E-003
  0.61328125000000000       0.84314013286959533        4.1554859258996829E-003   4.1132812500000025E-002   1.0244418071402974E-003
  0.61132812500000000       0.83885000033161961        4.1186668534052414E-003   3.9960937500000036E-002   1.0488257186302718E-003
  0.60937500000000000       0.83762103015896738        3.8702515768526550E-003   3.9335937500000029E-002   1.0769575250912729E-003
  0.60742187500000000       0.82891001551406740        4.0142168324052282E-003   3.7734375000000035E-002   1.0995685330195807E-003
  0.60546875000000000       0.82638980275353191        4.3057555714528743E-003   3.7617187500000038E-002   1.0381911123620636E-003
  0.60351562500000000       0.82411451243103395        4.5549447377949545E-003   3.7226562500000032E-002   1.0599353866121443E-003
  0.60156250000000000       0.81871679556456722        4.2493843994086938E-003   3.7929687500000031E-002   1.0406229975221193E-003
  0.59960937500000000       0.81507505690003579        3.9319523717014273E-003   3.6523437500000033E-002   9.5097475151679871E-004
  0.59765625000000000       0.81067420807683077        3.5130644503010753E-003   3.5468750000000035E-002   8.5596056082738823E-004
  0.59570312500000000       0.80661960307080205        3.7358479497335223E-003   3.3828125000000056E-002   9.6998256754681595E-004
  0.59375000000000000       0.79940317357284063        3.7305521756935156E-003   3.3125000000000043E-002   8.9090046466591406E-004
  0.59179687500000000       0.79763795659126102        3.9209716780155002E-003   3.3164062500000042E-002   8.0552370864807809E-004
  0.58984375000000000       0.79266183048123717        3.9528302121913175E-003   3.2578125000000041E-002   8.7649386592336654E-004
  0.58789062500000000       0.78953836331237215        4.2102426499771323E-003   3.2109375000000051E-002   8.4672740895880424E-004
  0.58593750000000000       0.78839099168441917        4.2099893058061381E-003   3.1835937500000057E-002   8.1669702892211700E-004
  0.58398437500000000       0.78092706889433661        4.2023846954220255E-003   3.1523437500000050E-002   8.2585534160486084E-004
  0.58203125000000000       0.77684612710038381        3.9914942141373996E-003   3.1757812500000059E-002   9.2681030783504947E-004
  0.58007812500000000       0.77338914440881534        3.9428763715259338E-003   3.0195312500000050E-002   8.7585178767266307E-004
  0.57812500000000000       0.76960897422887997        3.8484362486208420E-003   3.0195312500000054E-002   8.5627561791196355E-004
  0.57617187500000000       0.76800389724722951        3.8961881280795822E-003   2.8906250000000067E-002   8.5293009160284055E-004
  0.57421875000000000       0.76274255002293456        3.6081778488449927E-003   2.8007812500000073E-002   9.2414566647845318E-004
  0.57226562500000000       0.75892397848841509        3.8057575633445666E-003   2.7968750000000080E-002   9.2358678387495963E-004
  0.57031250000000000       0.75166551743625409        3.7227641535723319E-003   2.7617187500000081E-002   9.5078024168813069E-004
  0.56835937500000000       0.74921271866645722        3.6041481563077031E-003   2.7929687500000074E-002   9.2133949895823136E-004
  0.56640625000000000       0.74613411297286591        3.7627982605740982E-003   2.6367187500000083E-002   7.8983407495773652E-004
  0.56445312500000000       0.74253767905265744        3.9102185316917514E-003   2.5390625000000090E-002   8.5743582866829970E-004
  0.56250000000000000       0.73508823429164127        3.6199634526950771E-003   2.4882812500000087E-002   9.1172040334105574E-004
  0.56054687500000000       0.73383660203402601        3.8775287677206387E-003   2.5468750000000092E-002   8.5017893058764746E-004
  0.55859375000000000       0.72701366957986180        3.8886795211737156E-003   2.3945312500000107E-002   7.8842780629368033E-004
  0.55664062500000000       0.72485543237146699        3.5318283990551881E-003   2.2734375000000105E-002   8.2234858844374163E-004
  0.55468750000000000       0.71821214667727640        3.3731308386283076E-003   2.3164062500000120E-002   8.1458059353468665E-004
  0.55273437500000000       0.71914601365076047        3.6258940819299964E-003   2.2695312500000116E-002   8.5418507174830959E-004
  0.55078125000000000       0.71620626357504280        3.2950803717373919E-003   2.2460937500000111E-002   6.8983610431233534E-004
  0.54882812500000000       0.70977011974704984        3.3984045894094087E-003   2.2187500000000110E-002   7.4049306511426939E-004
  0.54687500000000000       0.70759221094622005        3.5760506829261526E-003   2.1914062500000112E-002   7.7906694678176976E-004
  0.54492187500000000       0.70489683111814716        3.3910098298578404E-003   2.1289062500000136E-002   7.2257359870649899E-004
  0.54296875000000000       0.70186991291055856        3.4147872423391525E-003   2.1289062500000129E-002   7.3735384388405546E-004
  0.54101562500000000       0.69928672683023196        3.2001294650269010E-003   2.1132812500000125E-002   7.0687438529276028E-004
  0.53906250000000000       0.69694393697056500        3.6914891843847957E-003   2.0703125000000128E-002   7.4385735527296285E-004
  0.53710937500000000       0.69307504660746744        3.4563308402173953E-003   1.9804687500000136E-002   6.5518332246790789E-004
  0.53515625000000000       0.68884609442797196        3.4353507082359735E-003   2.0039062500000138E-002   6.8147387304178355E-004
  0.53320312500000000       0.68395743032886858        3.5346967415433280E-003   1.9023437500000139E-002   7.9814242086359653E-004
  0.53125000000000000       0.67960444699941847        3.6687898939367545E-003   1.8710937500000135E-002   8.0130316433067142E-004
  0.52929687500000000       0.67758693314101692        3.5633016258686751E-003   1.7421875000000159E-002   7.0540105799462736E-004
  0.52734375000000000       0.67292732355213725        3.2457165625511932E-003   1.7539062500000150E-002   7.1208819491730543E-004
  0.52539062500000000       0.66998911341468914        3.0779747645312090E-003   1.7226562500000153E-002   7.1338569338751036E-004
  0.52343750000000000       0.66420239441949036        3.1524645700916989E-003   1.6953125000000159E-002   7.3911803811974638E-004
  0.52148437500000000       0.65898120348843392        3.0840730558635322E-003   1.6210937500000161E-002   6.5546555674418151E-004
  0.51953125000000000       0.65751797256772226        3.1256109118502464E-003   1.5507812500000167E-002   6.6266843422396868E-004
  0.51757812500000000       0.65557989539921291        3.2500987707359645E-003   1.5664062500000169E-002   6.1699567886006957E-004
  0.51562500000000000       0.65044355833598755        3.1403521375541117E-003   1.5507812500000176E-002   6.2187260084684394E-004
  0.51367187500000000       0.64565003047499148        3.2562004133257251E-003   1.5234375000000175E-002   5.7565418635358218E-004
  0.51171875000000000       0.64111117626050662        3.2376881011035399E-003   1.4960937500000181E-002   5.8509514366345862E-004
  0.50976562500000000       0.64273938365679240        3.1360980945601157E-003   1.4960937500000177E-002   5.7980269043924259E-004
  0.50781250000000000       0.63983983002156597        3.2654087746013124E-003   1.4335937500000182E-002   6.1589555196189219E-004
  0.50585937500000000       0.63564666079222709        3.2112716271118580E-003   1.5039062500000169E-002   6.4360094610947389E-004
  0.50390625000000000       0.62924719698399423        3.2137549623240079E-003   1.4179687500000175E-002   6.3705380487660357E-004
  0.50195312500000000       0.62419426400511635        3.3796100203341028E-003   1.3125000000000185E-002   5.6489738833121579E-004
  0.50000000000000000       0.62219605055471527        3.6560034715679935E-003   1.3593750000000187E-002   6.2193455947972924E-004
  0.49804687500000000       0.62026099257229106        3.2962707736269603E-003   1.3125000000000182E-002   5.3404179537236537E-004
  0.49609375000000000       0.61803873682374866        3.4064292481280484E-003   1.3125000000000180E-002   5.9155295268752399E-004
  0.49414062500000000       0.61578237535625124        3.2580701794174341E-003   1.2812500000000181E-002   5.5543223852320988E-004
  0.49218750000000000       0.61277077461662766        3.0668523354575529E-003   1.3007812500000177E-002   5.8509514366346317E-004
  0.49023437500000000       0.60788394606580187        3.0351978557806602E-003   1.2968750000000180E-002   5.6587877629141192E-004
  0.48828125000000000       0.60376124098593476        3.1937152806803281E-003   1.2460937500000184E-002   5.4028257295705355E-004
  0.48632812500000000       0.60091126103254455        2.8987007158423656E-003   1.2578125000000183E-002   5.0453915381621424E-004
  0.48437500000000000       0.59818661090966618        2.7609418018697063E-003   1.2070312500000189E-002   5.6099588023765165E-004
  0.48242187500000000       0.59394925492898731        2.6606611369462321E-003   1.1679687500000188E-002   5.1035566561114746E-004
  0.48046875000000000       0.59280083122635341        2.7076584512045559E-003   1.1132812500000184E-002   4.9465147036936057E-004
  0.47851562500000000       0.58639272912648288        2.6159617529883240E-003   1.0976562500000191E-002   4.8304882704576182E-004
  0.47656250000000000       0.58114022280666733        2.6345093912595362E-003   1.0859375000000192E-002   5.1061230403463809E-004
  0.47460937500000000       0.58220659308158795        2.5979268069823932E-003   1.0781250000000192E-002   4.5486593026978757E-004
  0.47265625000000000       0.57943489565318307        2.7288395686024987E-003   1.0742187500000187E-002   4.0940870278222450E-004
  0.47070312500000000       0.57672876212510304        2.8482954395365563E-003   1.0078125000000191E-002   4.5506919203472634E-004
  0.46875000000000000       0.57270921512864736        2.9480250270925859E-003   1.0117187500000190E-002   4.6483728430058590E-004
  0.46679687500000000       0.57102472834903961        2.8860432883855282E-003   9.6875000000001942E-003   4.4583067827019932E-004
  0.46484375000000000       0.56586448362417452        2.9879785802873868E-003   9.8046875000001900E-003   4.5613483027342924E-004
  0.46289062500000000       0.56166671777755395        3.1726196528374952E-003   1.0156250000000189E-002   5.2083333333332953E-004
  0.46093750000000000       0.56022573353177019        3.2864866386402096E-003   9.9218750000001944E-003   5.3085760538081430E-004
  0.45898437500000000       0.55808586910316527        3.2692647293331074E-003   9.6484375000001916E-003   4.6271032767876625E-004
  0.45703125000000000       0.55782327840049351        3.1945550054107825E-003   9.4531250000001957E-003   4.6842107567347802E-004
  0.45507812500000000       0.55161544603807156        3.1383324030363571E-003   8.9453125000001979E-003   4.3468030179067714E-004
  0.45312500000000000       0.54712502020362064        3.0902127999790944E-003   9.0234375000001980E-003   4.1434827902440995E-004
  0.45117187500000000       0.54576671435156643        3.0109716096132981E-003   8.7890625000002012E-003   3.9406236983231856E-004
  0.44921875000000000       0.54518392642345959        2.6794783911971553E-003   8.5937500000002002E-003   4.3363302755715242E-004
  0.44726562500000000       0.54323296965549905        2.8956569840902042E-003   8.7109375000002046E-003   4.6404081803240834E-004
  0.44531250000000000       0.54046437770762368        2.6466855401741530E-003   8.5546875000001993E-003   4.1805152789994713E-004
  0.44335937500000000       0.53647460126218183        2.5318891973207455E-003   8.4375000000002018E-003   4.2181361786895196E-004
  0.44140625000000000       0.53170735582880546        2.6336292070843390E-003   8.6328125000002011E-003   3.8182560636889604E-004
  0.43945312500000000       0.52820331728353320        2.7571770852344696E-003   8.5937500000002037E-003   4.1917450780363716E-004
  0.43750000000000000       0.52744134333432424        2.6272445858915644E-003   8.0078125000002075E-003   4.0180880853441160E-004
  0.43554687500000000       0.52458559969236074        2.7388661501930030E-003   7.5781250000002045E-003   3.9967422320016428E-004
  0.43359375000000000       0.52442256661321829        2.6026081020637101E-003   7.6562500000002054E-003   4.2254377873717755E-004
  0.43164062500000000       0.51902817653952482        2.4156416901211274E-003   7.5781250000002028E-003   4.1481299315066563E-004
  0.42968750000000000       0.51660291331351016        2.2650678347607900E-003   7.3437500000002086E-003   3.8975597778894951E-004
  0.42773437500000000       0.51320832587846110        2.4613116706567488E-003   6.9531250000002074E-003   3.5801372616842310E-004
  0.42578125000000000       0.50928220399975255        2.2877155933893664E-003   7.2656250000002085E-003   3.8071391250583828E-004
  0.42382812500000000       0.50752924849372094        2.2570390633097725E-003   7.5781250000002062E-003   3.9967422320016314E-004
  0.42187500000000000       0.50623429452673396        2.0887501422908778E-003   7.1875000000002041E-003   3.7541407063643238E-004
  0.41992187500000000       0.50164737131284765        2.2270669220734720E-003   7.0703125000002110E-003   3.6700612057922322E-004
  0.41796875000000000       0.49803573616722929        2.2018689020750991E-003   6.8750000000002117E-003   3.4726167705130247E-004
  0.41601562500000000       0.49388522151376407        2.3184195713048554E-003   7.2656250000002068E-003   3.7252908057965539E-004
  0.41406250000000000       0.49054455695059140        2.1850135602346902E-003   7.1875000000002085E-003   4.0313001621653676E-004
  0.41210937500000000       0.48749141686027719        2.1610337283627821E-003   6.7187500000002107E-003   3.6441419236698722E-004
  0.41015625000000000       0.48434943535399505        2.1771131087030167E-003   6.8359375000002108E-003   3.6142009092736573E-004
  0.40820312500000000       0.48090507452809916        2.2268368036807949E-003   6.6406250000002132E-003   3.3999542178847063E-004
  0.40625000000000000       0.47872453720556335        2.1544380830703759E-003   6.4453125000002139E-003   3.2552083333333131E-004
  0.40429687500000000       0.47712114945206169        2.2516709953885397E-003   6.2890625000002146E-003   3.3263995562844104E-004
  0.40234375000000000       0.47354492958926492        2.2931455316813243E-003   6.3671875000002095E-003   3.4519164380341402E-004
  0.40039062500000000       0.47471147789744900        2.2989422197419269E-003   6.4062500000002130E-003   3.4903252829511348E-004
  0.39843750000000000       0.47005474158277766        2.2570994672851813E-003   6.3281250000002112E-003   3.5017877942105058E-004
  0.39648437500000000       0.46689570587818430        2.3455186687787689E-003   6.0546875000002109E-003   3.1590923638926300E-004
  0.39453125000000000       0.46483406972438707        2.3157171296144178E-003   5.9765625000002135E-003   2.9616704362910848E-004
  0.39257812500000000       0.46263329089521865        2.0972047797171646E-003   6.0156250000002135E-003   3.1121500325540402E-004
  0.39062500000000000       0.45981383899576067        2.1715767754821483E-003   5.8593750000002151E-003   3.1161095125682026E-004
  0.38867187500000000       0.45679850762635144        1.9858026752235690E-003   5.8984375000002169E-003   3.1158621924747487E-004
  0.38671875000000000       0.45553153287229436        2.0871964894547020E-003   5.7812500000002124E-003   3.2125519539484630E-004
  0.38476562500000000       0.45238501840994000        2.1426752987282671E-003   5.5468750000002157E-003   2.8945573682265209E-004
  0.38281250000000000       0.45091777323353227        2.2179379102538021E-003   5.5468750000002174E-003   2.8408104465196983E-004
  0.38085937500000000       0.44864077095141874        2.3671783311181123E-003   5.5468750000002157E-003   2.8945573682265209E-004
  0.37890625000000000       0.44349950419244832        2.2071947958949519E-003   5.3906250000002199E-003   3.0298406074729073E-004
  0.37695312500000000       0.44183495567098319        2.2456324830427447E-003   5.2343750000002198E-003   2.7324014342430494E-004
  0.37500000000000000       0.43859736842807179        2.3299266044065161E-003   5.2343750000002198E-003   2.8429798324383973E-004
  0.37304687500000000       0.43651522480470950        2.0671637084523509E-003   5.0781250000002187E-003   2.9115468457028399E-004
  0.37109375000000000       0.43369438017286854        1.9282693464553087E-003   5.0000000000002213E-003   2.9420902240352112E-004
  0.36914062500000000       0.43205604892228811        2.0902982986459474E-003   4.8437500000002211E-003   2.8913607274189341E-004
  0.36718750000000000       0.42989981875468225        2.1492798878529999E-003   4.8046875000002185E-003   3.0336534878029939E-004
  0.36523437500000000       0.42734179096640434        2.1507981138447580E-003   4.8828125000002194E-003   2.9575042018581768E-004
  0.36328125000000000       0.42499870052791550        2.1377716245656411E-003   4.8437500000002211E-003   2.8913607274189395E-004
  0.36132812500000000       0.42300264744400951        1.9590601685947392E-003   4.8046875000002185E-003   3.0336534878029972E-004
  0.35937500000000000       0.42218878908798985        1.8967331424349209E-003   4.7656250000002202E-003   2.8624303203772636E-004
  0.35742187500000000       0.41820595440811287        2.0911994413027359E-003   4.6484375000002210E-003   2.7590651172418004E-004
  0.35546875000000000       0.41601972675467541        2.0209871192749620E-003   4.8046875000002202E-003   2.9824143104472073E-004
  0.35351562500000000       0.41471486895608578        1.9680876447149974E-003   4.8046875000002202E-003   3.0336534878029923E-004
  0.35156250000000000       0.41227972700122123        1.8668148750013061E-003   4.5703125000002209E-003   2.7791029726413776E-004
  0.34960937500000000       0.40771022837019494        1.8611343513901192E-003   4.5312500000002200E-003   2.7604613346871888E-004
  0.34765625000000000       0.40571611519795703        2.0367806309193087E-003   4.5312500000002200E-003   2.8157423790542261E-004
  0.34570312500000000       0.40272458365977393        2.1252114873150487E-003   4.5703125000002226E-003   2.7791029726413754E-004
  0.34375000000000000       0.40046366857111892        2.0412313992526554E-003   4.4531250000002217E-003   2.6638520154045181E-004
  0.34179687500000000       0.39918296869701081        2.0860877959909185E-003   4.4140625000002216E-003   2.7003428711342488E-004
  0.33984375000000000       0.39670009739627071        1.9598688825864987E-003   4.4140625000002251E-003   2.7568296985095971E-004
  0.33789062500000000       0.39461274470657487        2.0183897364675985E-003   4.3750000000002233E-003   2.7357838181675504E-004
  0.33593750000000000       0.39153530625562644        2.1020383416797896E-003   4.3750000000002216E-003   2.6788532499650734E-004
  0.33398437500000000       0.38980989359585699        1.9660270187665590E-003   4.3750000000002199E-003   2.6788532499650772E-004
  0.33203125000000000       0.38650418196401404        1.9763557742353559E-003   4.4921875000002217E-003   2.7411307237001334E-004
  0.33007812500000000       0.38632855389477372        1.9487475925359856E-003   4.4140625000002199E-003   2.7568296985095993E-004
  0.32812500000000000       0.38312121349785350        1.8980228087423715E-003   4.4140625000002216E-003   2.7568296985096003E-004
  0.32617187500000000       0.38119462661521458        1.9986595912441936E-003   4.2968750000002198E-003   2.8581194288943164E-004
  0.32421875000000000       0.37774447194808863        1.9586689502521667E-003   4.1406250000002205E-003   2.8212109069851318E-004
  0.32226562500000000       0.37448267928525231        2.0384044517165736E-003   4.1406250000002223E-003   2.7660391567714418E-004
  0.32031250000000000       0.37154224864555785        2.1283260694553085E-003   4.1406250000002240E-003   2.7660391567714424E-004
  0.31835937500000000       0.36887482883202483        1.9926971837835542E-003   4.2187500000002215E-003   2.8135519918078662E-004
  0.31640625000000000       0.36582775710624477        1.9682319918907973E-003   4.1406250000002240E-003   2.7660391567714424E-004
  0.31445312500000000       0.36525450368654128        1.9607591807121083E-003   4.1406250000002205E-003   2.7660391567714440E-004
  0.31250000000000000       0.36200906021122597        1.9151959363849184E-003   4.1406250000002231E-003   2.7660391567714440E-004
  0.31054687500000000       0.35985466432689078        1.8943286719166285E-003   4.1406250000002231E-003   2.7660391567714462E-004
  0.30859375000000000       0.35690411058863220        1.8319165181386280E-003   4.1406250000002249E-003   2.7660391567714462E-004
  0.30664062500000000       0.35458104634431775        1.7989228619477247E-003   4.1796875000002232E-003   2.7901729346984798E-004
  0.30468750000000000       0.35277985382863741        1.7937337798428637E-003   4.1015625000002240E-003   2.7411307237001345E-004
  0.30273437500000000       0.34920940438384462        1.7266337169783478E-003   4.1015625000002231E-003   2.7411307237001377E-004
  0.30078125000000000       0.34583674550039284        1.5679813621085957E-003   4.0625000000002257E-003   2.6580597667254978E-004
  0.29882812500000000       0.34476261401806829        1.7089061868643697E-003   4.0625000000002257E-003   2.6580597667254940E-004
  0.29687500000000000       0.34386782883492784        1.7541250455514669E-003   4.0234375000002256E-003   2.6889031125545916E-004
  0.29492187500000000       0.34155458391901505        1.7898844883097985E-003   4.0234375000002239E-003   2.6889031125545938E-004
  0.29296875000000000       0.34049193284944279        1.8721283801512230E-003   4.0625000000002248E-003   2.7154263179809908E-004
  0.29101562500000000       0.33815588414422182        1.9080933463021671E-003   4.0234375000002239E-003   2.6889031125545905E-004
  0.28906250000000000       0.33510785103444263        1.9554364085030973E-003   3.9843750000002247E-003   2.6615366285998683E-004
  0.28710937500000000       0.33228873911187629        1.9950153934625101E-003   3.9843750000002256E-003   2.6615366285998639E-004
  0.28515625000000000       0.32925406926066642        1.9926535239429043E-003   3.9843750000002230E-003   2.6615366285998694E-004
  0.28320312500000000       0.32795388010498555        1.8682983420706353E-003   3.9453125000002255E-003   2.6333005750203947E-004
  0.28125000000000000       0.32517098960525720        1.9549479750824096E-003   3.9062500000002246E-003   2.6626945736747036E-004
  0.27929687500000000       0.32308421782194968        2.0065149246756239E-003   3.9062500000002229E-003   2.6626945736747052E-004
  0.27734375000000000       0.32125442553217953        1.9376259683669776E-003   3.9453125000002238E-003   2.7478698382930557E-004
  0.27539062500000000       0.31884619225872518        1.9379084711742905E-003   3.8671875000002259E-003   2.5741044177545993E-004
  0.27343750000000000       0.31736002082273485        1.9516689133744416E-003   3.9453125000002221E-003   2.6911949545325992E-004
  0.27148437500000000       0.31541967104541302        1.8371216824508464E-003   3.9062500000002238E-003   2.6626945736747042E-004
  0.26953125000000000       0.31300078709652801        1.8396837871774020E-003   3.8281250000002250E-003   2.5430809062200054E-004
  0.26757812500000000       0.31004680667497764        1.6936701755956899E-003   3.8281250000002254E-003   2.5430809062200075E-004
  0.26562500000000000       0.30736600186781871        1.7121792935810426E-003   3.8671875000002224E-003   2.5741044177546020E-004
  0.26367187500000000       0.30573267808197563        1.7540429068521085E-003   3.8281250000002254E-003   2.5430809062200075E-004
  0.26171875000000000       0.30349264693099370        1.6867432388712755E-003   3.8281250000002254E-003   2.5430809062200059E-004
  0.25976562500000000       0.30194144373252557        1.6845620280307786E-003   3.8281250000002276E-003   2.5430809062200043E-004
  0.25781250000000000       0.29977035431885196        1.7011288648532072E-003   3.8281250000002241E-003   2.5430809062200102E-004
  0.25585937500000000       0.29829305977491383        1.7042996434280418E-003   3.8281250000002237E-003   2.5430809062200065E-004
  0.25390625000000000       0.29591590249617938        1.6957460857516041E-003   3.7500000000002249E-003   2.5994275059300700E-004
  0.25195312500000000       0.29300608519628046        1.6643452864922689E-003   3.7500000000002275E-003   2.5994275059300668E-004
  0.25000000000000000       0.29016817228566322        1.5688510902472862E-003   3.7500000000002254E-003   2.5994275059300700E-004
  0.24804687500000000       0.28770462434312832        1.7165425539701692E-003   3.7500000000002249E-003   2.5994275059300711E-004
  0.24609375000000000       0.28560176538469034        1.7560913307040293E-003   3.7500000000002241E-003   2.5994275059300700E-004
  0.24414062500000000       0.28240285774255658        1.7854111272272079E-003   3.7500000000002236E-003   2.5994275059300684E-004
  0.24218750000000000       0.28011744672670275        1.8456256762425204E-003   3.7500000000002267E-003   2.5994275059300673E-004
  0.24023437500000000       0.27734637100796788        1.8518522700706804E-003   3.7500000000002271E-003   2.5994275059300711E-004
  0.23828125000000000       0.27687002440916159        1.8156750224514909E-003   3.7500000000002271E-003   2.5994275059300684E-004
  0.23632812500000000       0.27542478787614383        1.7934765583180097E-003   3.7890625000002258E-003   2.6309583014192338E-004
  0.23437500000000000       0.27191817025194515        1.8540717983489712E-003   3.7500000000002241E-003   2.5994275059300684E-004
  0.23242187500000000       0.27108294815993211        1.7493586780210520E-003   3.7500000000002258E-003   2.5994275059300695E-004
  0.23046875000000000       0.26891724195460104        1.7172367648020360E-003   3.7109375000002245E-003   2.6262674872554143E-004
  0.22851562500000000       0.26634541976031695        1.6463334464181562E-003   3.7109375000002249E-003   2.6262674872554127E-004
  0.22656250000000000       0.26405489856453107        1.5989513768408399E-003   3.6718750000002275E-003   2.6522548684081821E-004
  0.22460937500000000       0.26155653702495996        1.5171743230738438E-003   3.6328125000002270E-003   2.6774144758938564E-004
  0.22265625000000000       0.25983204609891936        1.5577974034353555E-003   3.6328125000002244E-003   2.6774144758938569E-004
  0.22070312500000000       0.25828956786006702        1.4825197109840766E-003   3.6328125000002244E-003   2.6774144758938569E-004
  0.21875000000000000       0.25527952577004143        1.5401797741209410E-003   3.6328125000002253E-003   2.6774144758938537E-004
  0.21679687500000000       0.25265333546513596        1.4657154904090706E-003   3.6328125000002235E-003   2.6774144758938531E-004
  0.21484375000000000       0.24999729669264045        1.4643625522750545E-003   3.6328125000002244E-003   2.6774144758938531E-004
  0.21289062500000000       0.24767983423674644        1.3769376865675569E-003   3.6328125000002227E-003   2.6774144758938585E-004
  0.21093750000000000       0.24560521042703656        1.4864600222897794E-003   3.5937500000002261E-003   2.6441066007082696E-004
  0.20898437500000000       0.24341022934902823        1.5033557625748757E-003   3.5937500000002244E-003   2.6441066007082729E-004
  0.20703125000000000       0.24163078222978313        1.6025981350534014E-003   3.5546875000002261E-003   2.6097832424251503E-004
  0.20507812500000000       0.23968579310078617        1.6298245837609003E-003   3.5546875000002265E-003   2.6097832424251514E-004
  0.20312500000000000       0.23878683005588666        1.5962159870196678E-003   3.5546875000002243E-003   2.6097832424251514E-004
  0.20117187500000000       0.23685437176472438        1.4728594600375892E-003   3.5546875000002248E-003   2.6097832424251536E-004
  0.19921875000000000       0.23453436385891824        1.4227846101510561E-003   3.5546875000002243E-003   2.6097832424251558E-004
  0.19726562500000000       0.23219147237023413        1.4675986126548529E-003   3.5546875000002243E-003   2.6097832424251574E-004
  0.19531250000000000       0.23039276337207076        1.4331931177289513E-003   3.5546875000002243E-003   2.6097832424251558E-004
  0.19335937500000000       0.22753203787019916        1.4019927456581532E-003   3.5546875000002243E-003   2.6097832424251547E-004
  0.19140625000000000       0.22598829120951064        1.4075226592081785E-003   3.5546875000002239E-003   2.6097832424251547E-004
  0.18945312500000000       0.22370263974064541        1.3606566935589859E-003   3.5546875000002261E-003   2.6097832424251536E-004
  0.18750000000000000       0.22187748819487710        1.3783882466444704E-003   3.5156250000002260E-003   2.5744037844379117E-004
  0.18554687500000000       0.22026147960546200        1.3587047137102032E-003   3.5156250000002252E-003   2.5744037844379144E-004
  0.18359375000000000       0.21951565311760987        1.3693097116349799E-003   3.5156250000002221E-003   2.5744037844379123E-004
  0.18164062500000000       0.21680490545946438        1.3928836032871665E-003   3.5156250000002243E-003   2.5744037844379101E-004
  0.17968750000000000       0.21502887863337392        1.4044870278197585E-003   3.5156250000002226E-003   2.5744037844379117E-004
  0.17773437500000000       0.21280243325844883        1.3583572986683994E-003   3.4765625000002269E-003   2.5379240600467815E-004
  0.17578125000000000       0.21086628494661050        1.2660245859522838E-003   3.4765625000002260E-003   2.5379240600467842E-004
  0.17382812500000000       0.20795909392340628        1.2191473018215407E-003   3.4765625000002243E-003   2.5379240600467863E-004
  0.17187500000000000       0.20586608890024560        1.3252554023587258E-003   3.4765625000002256E-003   2.5379240600467869E-004
  0.16992187500000000       0.20377516885433442        1.3385609483961777E-003   3.4375000000002286E-003   2.5611985485413764E-004
  0.16796875000000000       0.20178566021569821        1.3389927754652369E-003   3.3984375000002264E-003   2.5836669467807927E-004
  0.16601562500000000       0.19966316313180474        1.3736142915660881E-003   3.3984375000002259E-003   2.5836669467807938E-004
  0.16406250000000000       0.19741994983591715        1.3402683750023832E-003   3.3984375000002242E-003   2.5836669467807960E-004
  0.16210937500000000       0.19526822392975249        1.3407316165347932E-003   3.3984375000002259E-003   2.5836669467807938E-004
  0.16015625000000000       0.19366377000494941        1.2683331984214470E-003   3.3984375000002259E-003   2.5836669467807971E-004
  0.15820312500000000       0.19119708830397047        1.2053249601406669E-003   3.3984375000002259E-003   2.5836669467807976E-004
  0.15625000000000000       0.18937974219795881        1.2362998690528247E-003   3.3984375000002255E-003   2.5836669467807960E-004
  0.15429687500000000       0.18780884284425528        1.2121005902631936E-003   3.3593750000002255E-003   2.5455040424593201E-004
  0.15234375000000000       0.18636063721211651        1.2205542838011961E-003   3.3593750000002259E-003   2.5455040424593206E-004
  0.15039062500000000       0.18426880463919496        1.2054466817582638E-003   3.3593750000002250E-003   2.5455040424593212E-004
  0.14843750000000000       0.18245942422729938        1.1827421880479341E-003   3.3593750000002263E-003   2.5455040424593206E-004
  0.14648437500000000       0.18044949717177861        1.1655596401818008E-003   3.3593750000002272E-003   2.5455040424593212E-004
  0.14453125000000000       0.17783633662886678        1.2088273052912855E-003   3.3593750000002276E-003   2.5455040424593190E-004
  0.14257812500000000       0.17621466991049153        1.2420117376122203E-003   3.3593750000002285E-003   2.5455040424593185E-004
  0.14062500000000000       0.17361069941950513        1.2271582085347742E-003   3.3203125000002298E-003   2.5061452840601444E-004
  0.13867187500000000       0.17172510666044194        1.2562180598670171E-003   3.2812500000002293E-003   2.4655334018844788E-004
  0.13671875000000000       0.16887988863468689        1.2512849079947313E-003   3.2812500000002280E-003   2.4655334018844788E-004
  0.13476562500000000       0.16692098961676813        1.2503703707484870E-003   3.2812500000002276E-003   2.4655334018844783E-004
  0.13281250000000000       0.16500045621133999        1.2365048516753943E-003   3.2812500000002289E-003   2.4655334018844810E-004
  0.13085937500000000       0.16300650099194630        1.2125607486412301E-003   3.2812500000002289E-003   2.4655334018844794E-004
  0.12890625000000000       0.16139076815846085        1.2012165163148300E-003   3.2812500000002280E-003   2.4655334018844826E-004
  0.12695312500000000       0.15955911302347892        1.2611846371895995E-003   3.2812500000002276E-003   2.4655334018844799E-004
  0.12500000000000000       0.15752989242415544        1.2586535078582184E-003   3.2812500000002289E-003   2.4655334018844788E-004
  0.12304687500000000       0.15494977258827311        1.2603163670961491E-003   3.2812500000002276E-003   2.4655334018844777E-004
  0.12109375000000000       0.15274790850634992        1.2583486020299468E-003   3.2812500000002271E-003   2.4655334018844788E-004
  0.11914062500000000       0.15135770583449965        1.2222661344776745E-003   3.2812500000002276E-003   2.4655334018844805E-004
  0.11718750000000000       0.14942527959725208        1.1916477029721476E-003   3.2812500000002267E-003   2.4655334018844805E-004
  0.11523437500000000       0.14782241418150829        1.1916207985917511E-003   3.2812500000002267E-003   2.4655334018844810E-004
  0.11328125000000000       0.14550680807260957        1.1788295204416242E-003   3.2812500000002276E-003   2.4655334018844794E-004
  0.11132812500000000       0.14349045754363249        1.1946869577320503E-003   3.2812500000002258E-003   2.4655334018844832E-004
  0.10937500000000000       0.14193485790859811        1.1772239468311944E-003   3.2812500000002271E-003   2.4655334018844805E-004
  0.10742187500000000       0.13988528928594768        1.1754085476452767E-003   3.2812500000002271E-003   2.4655334018844810E-004
  0.10546875000000000       0.13823899747448709        1.1629543277516178E-003   3.2812500000002267E-003   2.4655334018844810E-004
  0.10351562500000000       0.13646049151359077        1.1344582056886190E-003   3.2812500000002267E-003   2.4655334018844788E-004
  0.10156250000000000       0.13402010921917418        1.1250317056209613E-003   3.2812500000002267E-003   2.4655334018844810E-004
   9.9609375000000000E-002  0.13225859463475023        1.1087769037709709E-003   3.2812500000002250E-003   2.4655334018844815E-004
   9.7656250000000000E-002  0.13045479083872030        1.0775712351852275E-003   3.2812500000002271E-003   2.4655334018844810E-004
   9.5703125000000000E-002  0.12845231516911493        1.0349273298095765E-003   3.2812500000002289E-003   2.4655334018844788E-004
   9.3750000000000000E-002  0.12656578657815959        1.0445276182455801E-003   3.2812500000002258E-003   2.4655334018844821E-004
   9.1796875000000000E-002  0.12452029102773830        1.0757413903106033E-003   3.2812500000002267E-003   2.4655334018844810E-004
   8.9843750000000000E-002  0.12264723545103687        1.0677802406158679E-003   3.2812500000002267E-003   2.4655334018844805E-004
   8.7890625000000000E-002  0.12034906766801505        1.0442576473155937E-003   3.2812500000002254E-003   2.4655334018844826E-004
   8.5937500000000000E-002  0.11816184767050181        1.0515047589175056E-003   3.2812500000002267E-003   2.4655334018844799E-004
   8.3984375000000000E-002  0.11653700498573592        1.0807709119856025E-003   3.2812500000002271E-003   2.4655334018844810E-004
   8.2031250000000000E-002  0.11473000463514650        1.1050928453566003E-003   3.2812500000002271E-003   2.4655334018844805E-004
   8.0078125000000000E-002  0.11280953938576058        1.1020199405949197E-003   3.2812500000002254E-003   2.4655334018844821E-004
   7.8125000000000000E-002  0.11108408049579270        1.1038899561780602E-003   3.2812500000002267E-003   2.4655334018844805E-004
   7.6171875000000000E-002  0.10912890612575898        1.1077069020175372E-003   3.2812500000002276E-003   2.4655334018844810E-004
   7.4218750000000000E-002  0.10731998666708226        1.1057519732655667E-003   3.2812500000002271E-003   2.4655334018844799E-004
   7.2265625000000000E-002  0.10548091692821386        1.1040868308161865E-003   3.2812500000002267E-003   2.4655334018844810E-004
   7.0312500000000000E-002  0.10342387091830645        1.1206208737059564E-003   3.2812500000002289E-003   2.4655334018844788E-004
   6.8359375000000000E-002  0.10164115930450413        1.1041090571883112E-003   3.2812500000002267E-003   2.4655334018844805E-004
   6.6406250000000000E-002   9.9895846594809892E-002   1.0888833801398910E-003   3.2812500000002267E-003   2.4655334018844788E-004
   6.4453125000000000E-002   9.8178955597667844E-002   1.0811507902972726E-003   3.2812500000002258E-003   2.4655334018844826E-004
   6.2500000000000000E-002   9.6391605972450695E-002   1.0976465411433787E-003   3.2812500000002267E-003   2.4655334018844805E-004
   6.0546875000000000E-002   9.4862185276618091E-002   1.0868550105696756E-003   3.2812500000002250E-003   2.4655334018844810E-004
   5.8593750000000000E-002   9.3112409300974017E-002   1.0743741841770941E-003   3.2812500000002254E-003   2.4655334018844810E-004
   5.6640625000000000E-002   9.1167304215162850E-002   1.0982134213003462E-003   3.2812500000002267E-003   2.4655334018844810E-004
   5.4687500000000000E-002   8.9398220126573766E-002   1.1002684575110290E-003   3.2812500000002271E-003   2.4655334018844805E-004
   5.2734375000000000E-002   8.7609846881302397E-002   1.0857767919323332E-003   3.2812500000002271E-003   2.4655334018844783E-004
   5.0781250000000000E-002   8.5593091626269310E-002   1.0830929914446880E-003   3.2812500000002271E-003   2.4655334018844788E-004
   4.8828125000000000E-002   8.3827619951462914E-002   1.0729136557451921E-003   3.2812500000002271E-003   2.4655334018844805E-004
   4.6875000000000000E-002   8.2059405759437348E-002   1.0736818162760695E-003   3.2812500000002280E-003   2.4655334018844777E-004
   4.4921875000000000E-002   8.0143516014930249E-002   1.0732896395760818E-003   3.2812500000002258E-003   2.4655334018844788E-004
   4.2968750000000000E-002   7.8457620575813680E-002   1.0819101548570349E-003   3.2812500000002267E-003   2.4655334018844767E-004
   4.1015625000000000E-002   7.6799264286126240E-002   1.0880575454009986E-003   3.2812500000002241E-003   2.4655334018844810E-004
   3.9062500000000000E-002   7.5244593556378914E-002   1.0834175749758084E-003   3.2812500000002267E-003   2.4655334018844783E-004
   3.7109375000000000E-002   7.3506449060861595E-002   1.0858402891689854E-003   3.2812500000002254E-003   2.4655334018844805E-004
   3.5156250000000000E-002   7.1850545293668577E-002   1.0763413888920678E-003   3.2812500000002267E-003   2.4655334018844805E-004
   3.3203125000000000E-002   7.0318581307430530E-002   1.0649541156188835E-003   3.2812500000002258E-003   2.4655334018844810E-004
   3.1250000000000000E-002   6.8573803852556167E-002   1.0783904403898364E-003   3.2812500000002258E-003   2.4655334018844815E-004
   2.9296875000000000E-002   6.6864106124288517E-002   1.0692346922445760E-003   3.2812500000002254E-003   2.4655334018844805E-004
   2.7343750000000000E-002   6.5161143633727783E-002   1.0761154898000596E-003   3.2812500000002267E-003   2.4655334018844788E-004
   2.5390625000000000E-002   6.3572630565693511E-002   1.0714027566009149E-003   3.2812500000002254E-003   2.4655334018844832E-004
   2.3437500000000000E-002   6.1970841565503323E-002   1.0678116933523704E-003   3.2812500000002271E-003   2.4655334018844799E-004
   2.1484375000000000E-002   6.0306784980340734E-002   1.0762948530365112E-003   3.2812500000002250E-003   2.4655334018844810E-004
   1.9531250000000000E-002   5.8746196489220449E-002   1.0782968931464163E-003   3.2812500000002237E-003   2.4655334018844832E-004
   1.7578125000000000E-002   5.7236939591994218E-002   1.0781503521935893E-003   3.2812500000002254E-003   2.4655334018844837E-004
   1.5625000000000000E-002   5.5779722768311259E-002   1.0820147496096977E-003   3.2812500000002258E-003   2.4655334018844821E-004
   1.3671875000000000E-002   5.4301988774102000E-002   1.0713965806523110E-003   3.2812500000002271E-003   2.4655334018844799E-004
   1.1718750000000000E-002   5.2797761311191495E-002   1.0636062048376806E-003   3.2812500000002250E-003   2.4655334018844832E-004
   9.7656250000000000E-003   5.1293481362601756E-002   1.0596143244159379E-003   3.2812500000002250E-003   2.4655334018844832E-004
   7.8125000000000000E-003   4.9918112192908065E-002   1.0585291993247597E-003   3.2812500000002271E-003   2.4655334018844821E-004
   5.8593750000000000E-003   4.8540664067995787E-002   1.0592447511891129E-003   3.2812500000002271E-003   2.4655334018844799E-004
   3.9062500000000000E-003   4.7247246224129957E-002   1.0591680692452700E-003   3.2812500000002280E-003   2.4655334018844783E-004
   1.9531250000000000E-003   4.5985543837861013E-002   1.0597134886773216E-003   3.2812500000002271E-003   2.4655334018844805E-004
   0.0000000000000000        4.4768514729893336E-002   1.0598610655966913E-003   3.2812500000002289E-003   2.4655334018844783E-004
