   13.821136147877574        80.505176761364851     
   18.744619935105575        95.432887104262775     
   12.314198188782040        93.152146810951848     
   15.637503261599672        93.510939248406316     
   15.373553401255773        83.106778849297825     
   15.245144788749478        86.340926397810904     
   18.115253232323020        86.319128159945649     
   14.890151764795329        99.019536386017663     
   18.098829696582683        82.163397763110936     
   16.935634582081143        93.432488859665298     
   10.812270797359636        90.211586523009103     
   13.862078594425896        95.306142049386622     
   15.598948116051691        81.952459689439266     
   11.211732795940211        93.380078736944228     
   11.336843390029786        84.509297365667678     
   18.600274281034714        93.031604530163150     
   19.958465176125003        81.015722065143336     
   16.659828110219188        93.505235430888391     
   10.137027730270832        82.113798298025159     
   19.279546584956769        85.781558166869118     
   12.095870846577434        80.430607717253338     
   12.680490473841555        90.031231127741393     
   10.131206212274709        86.505445973797777     
   15.059015792989427        86.576199714206808     
   13.385860049207334        86.003847953329867     
   15.585091803971578        81.216928580739690     
   15.845919767751708        88.172863189498784     
   15.424627208742050        91.694296597562115     
   15.221748993209463        92.571708689389496     
   13.538285557202432        82.201013229970101     
   12.642757440655544        91.227456812699927     
   15.178148643012010        80.904866034488961     
   15.459613565704444        98.608216479711643     
   10.148535350873990        81.414789482303718     
   17.118318777521139        80.317136689938167     
   16.741882788859670        92.515061690599438     
   16.190365273932521        85.704185260752695     
   16.847658848134603        99.852406796390170     
   17.336453508597955        96.784258502024002     
   16.507989277885223        99.380952736276626     
   12.762741772533971        83.259685275816764     
   15.951349139317969        83.593778193315813     
   13.503370494662631        96.628891837594296     
   16.950496657565843        98.197501813637118     
   18.095416029706783        85.066588796132322     
   19.955852199859926        81.991576091221944     
   13.235237424712556        93.882069682492670     
   19.814422898784308        89.955639582703498     
   17.980542284368344        87.546127843430995     
   11.769591688880382        87.800140784611628     
   12.337280506611044        92.960639294454779     
   10.119220840371863        98.828123201871506     
   19.371801193681687        81.276962989505463     
   10.007244287385685        99.277967274956964     
   12.414734289379789        82.442201869685746     
   11.627793975763026        90.566789306079670     
   12.404171255787714        84.364307998849199     
   15.791599391393142        90.537253290132384     
   13.914042577455193        95.578432382936782     
   15.460885120548440        99.129036304961545     
   14.783338092975653        89.126756050495047     
   16.237151614817009        89.634912496005953     
   16.163409247990437        81.727977533210662     
   10.675571158894776        82.255377519057944     
   15.801511115575565        92.256138819333117     
   13.820702726555302        84.321022155501467     
   14.516201699611326        89.820367017207019     
   12.523100984772984        93.629316293512460     
   12.790573664510404        97.650732411994539     
   19.322385202444941        99.046556436838912     
   14.557717939067595        93.119992546595654     
   11.637644760228984        96.529242194590509     
   15.521057357497599        84.432974350103351     
   10.560467928485425        83.485640167521680     
   15.867048570174962        96.245261923560506     
   13.116035376006071        85.868535911592332     
   14.490811348407821        99.967487285077155     
   19.840779393360911        84.532868801543685     
   14.362405721884532        92.654316783301809     
   17.691154706889879        83.968382023569305     
   14.561255311699384        91.610347815606147     
   15.034327889827628        99.062342760719048     
   18.921787526849123        84.633944848121558     
   18.904550702905841        82.241890461823601     
   14.855283487063119        88.672318869388178     
   18.769973310246634        93.036672263345849     
   12.566138399239684        92.682834458466900     
   19.437927955454008        94.733663361819765     
   19.681781151471618        99.433430397005964     
   12.747413885863708        86.134705115201996     
   14.917216521115554        85.226167852740787     
   12.671371510514328        83.265915058935704     
   17.729453070853957        82.709601445327749     
   17.734414680866365        96.713006980575045     
   16.379453496458801        82.998053892485231     
   18.618330674784367        85.924502531973204     
   12.674901616332988        83.496678582106355     
   15.824105935185067        85.874972417354357     
   19.449480750007986        91.706394104678310     
   10.445811165023281        93.896479717368962     
   17.343662251494987        98.916532219634945     
   14.913585519864343        98.661413553692881     
   10.712738720087328        87.369433257634213     
   16.001496961658958        85.940493385783896     
   16.699870019745173        95.000382904026182     
   12.112882422154422        80.886552180614146     
   18.143357065702666        89.665399520527345     
   12.885465329834723        92.588019598880209     
   19.019863122574655        93.700453744776411     
   14.439909570249140        90.468241740881609     
   17.923330547601161        99.171107051128232     
   10.939694247416533        96.196827616547239     
   12.315931361868614        88.405451050917634     
   14.482276014756041        80.143556708700643     
   15.756781511099506        88.808542214711366     
   10.407216734467017        82.410688860515108     
   17.926083395278049        86.730978055905808     
   19.605998831729302        82.396242930056999     
   16.987346800747542        93.442885047648133     
   11.363957669290279        86.456674449017129     
   19.783287652447022        97.980674299059928     
   10.483486979738645        88.677604275989694     
   11.012558037462336        93.786387728814375     
   18.144801816960822        90.221756315265267     
   14.677873148151063        97.453449480280057     
   14.328810758898154        88.750431108321862     
   15.162007067863176        87.576837193136626     
   17.958563890441290        82.069109048536362     
   12.903822054891723        98.996420756397370     
   19.320718236017477        96.600038820323050     
   13.693049345882331        82.957915878468128     
   18.351798808067951        92.926643308924213     
   14.091662132678579        89.143375338749635     
   15.692774280157639        93.687435075579685     
   16.718963896355802        85.551094774365211     
   16.902259381901779        91.199359121372339     
   18.846793708342847        82.036861120686424     
   11.545128570262682        94.505808442513327     
   13.524934897258373        95.597706666765106     
   19.540370521738129        83.354634762328047     
   17.533637422926326        87.887076227921625     
   14.608017998142735        85.762961536655865     
   18.956644456225142        93.820915257446345     
   13.389868829948114        98.528978011835434     
   18.358608345701469        90.284464008872860     
   18.199280633507339        92.326710009841577     
   18.970263590281686        85.028763779948505     
   18.507267303324834        87.457285951401659     
   18.093743598183156        85.505176280860880     
   17.517702796748079        82.589316614265599     
   19.981265180492397        83.933505024632950     
   19.461848843633078        84.744491516819664     
   13.159879907148884        86.865916218495272     
   15.296961790959349        96.467677422658952     
   16.099072248992513        87.835597711486045     
   13.144861055934349        96.160718988626513     
   11.747996970383213        94.739421209903085     
   13.422856202227010        85.926397655249275     
   19.929787131028615        80.682920423848714     
   17.151538018811159        94.080864398930174     
   14.387680518678371        94.090540052254994     
   11.254608960588238        83.148124540961277     
   14.443137606625017        99.823416991033525     
   17.318821240965676        94.637413497207405     
   14.823318531275916        97.090413506423744     
   12.814031305381258        83.947004425079456     
   11.718293573350740        89.407576872428379     
   12.955622747311669        84.179985672388440     
   17.655127424717289        88.991411113230086     
   13.575656269369366        89.473101996974407     
   12.907001460320268        95.849291945875279     
   15.511197374473731        99.037290094487176     
   15.893375695155035        84.054578510920280     
   18.235632277838036        89.128698351883926     
   14.126905404828701        89.877179827350858     
   17.481223471468901        82.331190200699609     
   11.875028152145916        97.598895601627618     
   14.541133605696199        93.098794548999138     
   15.385621938584245        85.599377652021730     
   11.399274215492083        97.012328847429188     
   17.396722179505851        85.211296102601580     
   12.724411528473635        98.870528569910803     
   17.258142567491070        84.197726510698715     
   19.173201849211601        88.212558827962340     
   14.820316006527392        87.842648389219008     
   17.590815243796300        85.758308344775159     
   11.860017088689192        80.105496233766743     
   19.094231312328297        81.067277395003117     
   15.093022066496088        96.955963908824188     
   18.516754698138364        80.352802348632750     
   17.416575701456686        95.465375579538488     
   19.284147877219436        93.777881975600152     
   13.877201856846343        80.343512867265744     
   19.725632060949668        89.587532534015722     
   11.434226955101680        99.238529948475218     
   11.474398978379801        90.536770162827992     
   12.931056634287685        84.723421761664810     
   14.619937690499262        85.596305112276767     
   16.541699563510925        87.459129072024609     
   13.294121498871796        90.061098080053327     
   12.722413297202086        84.573945559831259     
   14.040312150710216        90.813747075969985     
   18.831565934027857        82.570901061943019     
   10.005030603933356        80.535772876741177     
   12.587009060224680        84.148571682006491     
   16.646498284013784        81.951326378522054     
   13.129557020570591        81.648783944866622     
   18.175659352309186        97.168227591710590     
   12.884429380084537        99.685825368538062     
   17.486022292802101        83.150509233355322     
   17.993377346159722        86.357909501432559     
   15.157094695150059        95.220189507468064     
   16.051240013838669        98.965705691143825     
   10.932932186962825        82.469895966205129     
   17.500007458851442        83.806371408203333     
   19.467175458333596        83.553414953478779     
   15.957275600761564        92.214178460577472     
   13.514446734245887        84.320402759865203     
   14.182131751691358        88.513167849924315     
   12.426336618934700        82.257954625006263     
   12.702641428742520        83.810043670788559     
   13.268186004937915        81.857121300479434     
   13.222346884341258        91.182807074283346     
   10.379822245780721        92.291622896900662     
   19.096507084205165        82.525669788151674     
   19.415188253802867        88.875178701472578     
   17.616083870459818        86.777109812187277     
   19.606155221489676        81.703748525805381     
   17.829717912710567        87.979612493423502     
   12.048594223260245        86.519860128900405     
   12.193440553145969        80.128449879256920     
   10.825746541374050        91.909288321152076     
   10.521320353260350        97.475570350485967     
   12.794822926011122        98.379678947802716     
   19.844613017165415        94.127141975590646     
   16.544864162094939        89.408343308428556     
   15.778526677572048        92.078997661008017     
   17.932966852568807        99.355723303003998     
   17.188766170954992        95.597292308397670     
   19.660948357670975        81.904937435755571     
   13.644767531895830        92.859440858572981     
   18.217310310567932        81.984537939909984     
   13.931682246918630        83.791715278074051     
   19.796137019356138        82.528329035588158     
   13.531192130756606        97.341860873103329     
   15.436926802519430        93.485267647690350     
   10.985984547821520        94.952998634759737     
   18.347415360985266        96.473109946854407     
   19.666968810468472        90.597937756028074     
   13.961857740845986        93.536213905519020     
   10.240056030990914        90.645725358988869     
   17.264482726041869        83.293669272485715     
   12.693003280282127        91.669004266534188     
   18.841908959444886        83.104949526055307     
   12.177486576477818        94.347360358177525     
   13.097502038126088        93.418969880788836     
   13.480853923408272        82.174758713363431     
   13.263662667188971        97.100911206468112     
   18.995558578114316        84.447231786940719     
   10.777949503789761        98.527459206516184     
   14.899236961052601        89.681984364172024     
   19.719779399150383        94.269486560784884     
   10.449590369268364        92.096063097435987     
   13.170592356014218        89.124356200659307     
   17.777884680624048        91.276516675841762     
   13.814360160873406        91.814359321536230     
   16.665071571370177        97.547821802906938     
   14.878509415431436        81.004479211065814     
   10.083898095270886        88.572877622567987     
   16.119056333321847        82.737160064724321     
   16.638529177900217        80.695079374857187     
   12.400318694482459        92.862554533750028     
   14.834175917113422        92.361213478495586     
   11.482628249420010        82.593205810656357     
   10.857959822838112        88.701332753491371     
   18.460908038627345        81.169296932159639     
   16.110132924895694        97.619701968237521     
   12.223591549052324        82.378395484638929     
   17.768722068702377        88.185408151077937     
   15.836872910405180        91.961306404334749     
   11.442680967164875        85.210143038708139     
   17.154209751325933        91.220127366612274     
   10.675562912733998        94.922836127805368     
   11.236952400793790        88.738787059660751     
   18.828425929007050        91.306007285616744     
   18.275655462987686        87.982287629888930     
   10.914256105618518        94.948432844319584     
   15.094060040352920        96.815496051757805     
   15.641041825226758        87.909470092655596     
   19.609750547700514        88.506890887675894     
   19.964385588979418        94.791830867149997     
   16.611777178771206        83.745999715482228     
   12.702492305050294        90.908409924342436     
   12.656582992741271        86.552179740116287     
   12.645246100640264        88.955365400899552     
   14.455156124264565        80.236139988577079     
   16.540405936726195        98.514056763518624     
   17.657696740688060        81.773234676594058     
   16.872011894260201        85.999588219435267     
   11.138957167992849        92.784601706513854     
   14.764608963076373        93.997485040424124     
   11.621043643121547        90.322778349817625     
   16.874195638759556        91.282872694438993     
   10.050744598953766        94.858664306121298     
   11.542762966921062        95.395216775664068     
   10.588271944065630        81.477656087850789     
   17.787245950426211        97.660780718025705     
   18.043194403635312        97.085802886100623     
   12.887931554065730        86.841219714171004     
   16.114840065875953        88.449479392919869     
   12.605715805147886        85.101459008946890     
   12.502331252472711        96.838115314705121     
   16.475151153302861        83.192063549296876     
   18.975742395389361        91.388422341574454     
   10.212614739368782        83.213894692226944     
   13.960573997055615        99.449442421253977     
   19.717959888457049        94.058484788763678     
   13.254284432986982        92.996543801916403     
   18.420179769279571        83.944687428637806     
   17.683419826927224        89.081242859189118     
   18.978890038985988        93.042443146228734     
   15.531747313750763        98.678872110554607     
   14.314802613531860        91.914487550893114     
   10.312682981571790        91.160001243588908     
   11.525542016862188        99.760221197492186     
   19.919491861815640        94.430254148638738     
   14.960262478279384        92.500251988490319     
   11.617536414885342        96.420014844517013     
   12.803207516197176        85.033688907057638     
   11.056671085016426        95.267491769304399     
   13.306916319478695        93.604240515852041     
   17.993533382692739        94.654988705415448     
   15.642735581235478        83.405338157606934     
   15.966071601840461        81.859821314650162     
   14.982058081782855        89.419980387108239     
   18.646728271956150        83.723393324149384     
   16.677940547877984        92.408059125420436     
   14.147544381247544        98.327540802129818     
   18.162613433392934        91.877727581849427     
   13.536034960009768        98.011020954740715     
   15.751791992852146        81.769706243908217     
   11.002004760392584        94.137419832493507     
   18.207157012691908        84.247674157429373     
   12.702626976313027        95.258316293153939     
   18.614761749287680        95.953048762314438     
   15.954239290232834        84.762302422216933     
   17.689840492624789        99.978415994958880     
   19.733966739769464        85.001308962134445     
   11.362763285538852        85.956941550427899     
   16.840589141102562        88.608660881311096     
   15.052486701041492        82.204143981618103     
   12.439784260081764        80.134182109954963     
   16.559323308936928        97.537288562055778     
   12.847849028839697        99.204176722333187     
   16.671865534990868        87.866623805834180     
   19.310521336354117        89.209067095881295     
   10.837025759997282        95.930785064409221     
   12.646925601713420        96.562971011028310     
   18.560990101142885        92.465260173129479     
   12.742991826710549        83.468395298755112     
   13.435912309496818        82.897578657367930     
   10.593353992056191        93.104697891290655     
   17.971948132711319        93.939966601392570     
   13.449128326996378        93.052240416357151     
   14.894941750008869        94.801029823307559     
   11.555882787916531        98.305512711136231     
   18.172385853724460        98.827065610200862     
   10.179285364186011        83.702907620192491     
   15.646215441891936        87.665877912466385     
   12.910564787355479        82.394161646517944     
   16.594141577536046        85.538180842624200     
   19.183858234007069        98.405375492805319     
   18.869446500176323        80.138077642305205     
   16.276698767718894        89.301369260045306     
   11.075190085177240        82.568939337577390     
   18.896529948575662        95.963038712397932     
   11.382359622174009        86.948243010318890     
   15.872987899054220        81.646714033207047     
   17.648614868125456        84.908538232659922     
   17.636771110331054        96.548514847452793     
   18.470806506269270        98.014812931172628     
   12.310717570343602        83.385084186237066     
   15.318140218426286        87.469171141871186     
   17.673652419908873        98.725569906903587     
   10.903970475585133        87.183192714970829     
   13.168696400156108        93.543173692770836     
   19.093547514732180        92.016737534969863     
   11.387259972312126        83.357199709285354     
   11.133488879805482        99.101043852429854     
   13.459015238564476        93.578323226534494     
   13.551871715560294        83.227241180347377     
   10.216372112404137        91.045347250839683     
   17.586326712001018        92.819816357907285     
   15.411518831090024        81.805786034765461     
   12.499927619330208        83.256814301439960     
   14.568759824599056        87.525948357653931     
   18.500639056523138        86.520830451022874     
   14.290116618786961        86.127450084426727     
   18.718309588671282        86.725583976632933     
   17.713404009451324        85.144115831972755     
   11.616532458657858        81.643610327842765     
   19.325000955435634        80.272689662641028     
   14.255448272629199        93.596749154458877     
   15.202872572447902        92.933436119078095     
   14.328567789987881        80.138272358516815     
   19.198512334210516        90.212857550233480     
   16.130681400459977        99.477118301685366     
   17.077355513505204        86.496118129098022     
   17.435760373100919        86.263873972781738     
   14.822930068875802        82.078328992698133     
   14.818306141370801        80.589405574017690     
   13.322401757379811        97.436506307984928     
   16.389718396835981        83.678618840649136     
   13.414043413356087        83.568463841695234     
   14.483967678189993        85.033835793524815     
   10.922682526132411        98.197021210483442     
   12.407454073236909        94.305432723194087     
   19.752020932984202        82.606933970264535     
   15.847662055318676        86.171083292516514     
   11.061548698207488        90.112641371357185     
   15.367714717759185        90.744948841612057     
   11.522765813364625        87.288735586688588     
   18.596532446584476        89.518519629750699     
   11.002309241127836        88.594481500780716     
   18.239779136270670        87.086524106427163     
   13.288702645590739        84.219242166980109     
   16.327876893811318        91.546262709898059     
   16.052497129257006        82.313497134887129     
   13.996650990221063        93.170690596534655     
   14.732166204928845        93.106690483153329     
   13.532893716918490        84.837696224996506     
   16.704172267063029        91.955913461598286     
   10.173582258878467        96.881755456927010     
   10.642480608633113        98.817240476266235     
   18.212098945558438        80.661227962139037     
   12.336978711931256        82.392525604247439     
   15.722361053431824        82.636121871743725     
   14.076872882965096        91.775915305601444     
   14.591960508389000        95.190653224388143     
   17.085178975310036        88.452183455266294     
   11.172382998932260        87.559111724026167     
   18.239000987136144        99.971708128884842     
   13.103889945873775        86.898038122725012     
   15.421003120270960        89.079953218610129     
   10.831471085226790        80.263736679924008     
   14.208781622018423        80.511510404624616     
   12.574512759845573        91.867292548499435     
   16.141353147913584        80.137332405398780     
   19.957442107866637        95.200390738421788     
   11.377524828275996        81.867360252640225     
   11.224926856303556        81.082828358946202     
   10.466659981766419        84.873047811968121     
   13.791765981762385        83.796746552946431     
   14.423448474149318        93.441860275809844     
   16.187748377020831        97.795974277623145     
   16.913995921222874        91.607262007844454     
   12.030384842484668        99.786449959884521     
   12.841830327431989        91.967888200503339     
   15.136958757492526        95.860641637912465     
   17.969977819462709        81.414341982767837     
   11.954676922471892        82.106717476836081     
   11.369146797785280        90.571813259214721     
   18.832367745680735        88.489587294384933     
   16.946076821113941        97.711403885066673     
   19.379444221945334        82.237025105694272     
   17.085534284170244        84.675336189667391     
   15.325920651846550        92.929045491121741     
   14.638019501947591        98.261342048471249     
   18.771644539646722        96.132621584419454     
   13.254691589550422        96.395099550307549     
   18.234010591125603        99.777926245131994     
   17.166754218100436        81.544592643343208     
   14.932365720536140        91.655281934999806     
   15.734132948369639        92.322009830587234     
   19.175258064075493        90.113521322287056     
   10.525606581919968        97.940538786301488     
   18.513116920968329        92.784138729218242     
   18.057210778750040        97.240110587317247     
   14.184288403057128        86.428478377885668     
   15.806865695419066        94.899173719494513     
   14.342841146612647        97.191284841460742     
   16.635432470648890        92.574851356271807     
   15.561872568645633        86.253996507276540     
   16.865668076102729        94.804952794505581     
   13.455579514511292        98.557105801640787     
   14.053158256771955        97.167073507656511     
   18.212614849045252        88.940349909290347     
   17.588052853711115        92.973291283864455     
   16.361419419048737        99.868858937008895     
   17.649343674727831        90.420308141792148     
   18.181941040060227        87.998229117087902     
   17.897485783525365        92.246733970193958     
   15.095581718946114        84.385029600011691     
   10.208022986730821        91.096089898303504     
   11.794030760034360        86.741399482681260     
   10.784669694481735        93.788302051544591     
   12.844534565292486        81.358616084955813     
   14.156473091766266        84.375841582551402     
   17.080957340877507        81.845065872211194     
   14.598608363904569        82.401819194347894     
   11.738012178439545        89.630639990085371     
   14.183105820338186        84.672374376467289     
   16.836840836839606        99.676188231283220     
   11.222064486744523        86.740069805941062     
   10.831131994600661        94.616517895445483     
   14.435652360613920        89.435385735788074     
   19.323342145406123        87.838253047785145     
   19.008159901487726        89.535158126281843     
   17.071938014035307        83.064215316826150     
   17.504946483512953        97.503225449940246     
   16.203590514487367        88.561408553544197     
   12.207821659245505        91.438822172341858     
   10.803920708799355        81.228852358463129     
   16.864236657375450        91.421357165910408     
   17.925651970707079        89.453628473698160     
   15.370126431630855        93.315417707222622     
   19.401033666930619        84.001867916768788     
   14.317540913369264        95.366044771314733     
   12.995749873308016        93.734788707097806     
   13.492390334338907        87.927742817878752     
   10.703032002857382        80.587112609355358     
   11.492730103680881        88.841821020639046     
   11.600252516962779        84.637287364128852     
   17.012825794817424        84.525571619351396     
   14.550283788624471        85.535199664617863     
   15.550885476999126        96.156291052133014     
   14.508943136943440        87.283903617510987     
   14.369308103245016        82.089486005760548     
   17.287442880187562        92.539092650195258     
   18.040876862996619        84.915243050794714     
   16.044741058439890        85.627482228572305     
   17.751833050582142        96.626294513134638     
   14.778238247144440        99.022566174643231     
   16.649867795124045        88.183132131594007     
   10.123894426980867        99.271260499588067     
   16.837803571726479        87.056695237197900     
   13.675833390011665        92.405175526896628     
   11.678838159516912        89.707246430103908     
   17.244121762099791        97.405616616428645     
   10.807518366902363        88.974453495314023     
   14.137034894922531        87.938295652858116     
   17.112650694660090        91.297211282011830     
   15.348173412126142        93.667464881040644     
   12.918652136792641        82.368489234761228     
   10.971695028689991        95.307500188013904     
   16.100981222870697        83.781757193530837     
   12.878708386740197        92.411538289635885     
   18.234968250134266        81.922290228738930     
   19.150938889912418        89.948880239004211     
   12.433656291172134        92.773426691056414     
   10.344267452789060        88.958477363681453     
   15.713242061090908        85.133471950709421     
   11.601184281363262        95.612235670486655     
   10.923897427803910        98.755981709245731     
   15.683074300003149        93.285529873256152     
   18.669349796670431        86.980236288616140     
   11.250448481904655        82.342280369700163     
   13.280390453403308        81.426093792539660     
   18.631351086190300        92.223896678619582     
   16.993889300483868        80.831610642805273     
   18.008808210111823        80.658953517783374     
   13.004052001031431        96.578047559092596     
   19.002005001765685        96.852164043352303     
   11.180297064961533        90.152573435916707     
   18.683615157832683        91.706013097800920     
   12.180439539634822        89.415177551219841     
   16.201182748971814        93.611360574835047     
   17.595758523907573        82.282828692256317     
   10.361238344800253        88.724098493151317     
   14.051780387958903        84.243367132688164     
   16.963533159351002        86.827868827250498     
   16.095073668950526        91.021677059977804     
   18.257689983350950        95.407137407158800     
   13.228122387859798        88.712328077796826     
   15.471052813723324        87.510318997377709     
   11.305699351010126        90.992607618753951     
   13.084157998454268        95.368405954632578     
   18.631063677720675        85.580181417660597     
   17.806576888017293        81.936881754637682     
   10.894959859220382        98.856063760757579     
   10.021367120515176        81.520739670308160     
   11.145155498129609        96.457214073545174     
   19.058782347794089        88.172750173219526     
   12.762565583965380        86.564043448821209     
   12.806715761283982        97.512251050482746     
   18.266229450518384        94.878978074436858     
   19.333343856451386        81.012637133066107     
   14.626281043103209        83.797212429145375     
   10.926004262488995        90.539860250977483     
   10.611279232453965        85.339946804966416     
   15.923177855542779        94.141167041368433     
   12.724606893731256        96.264133377281382     
   17.475440160067933        86.706390569278284     
   15.217749841108738        95.604083946628663     
   18.757312147698066        85.568663497949018     
   17.487037282858324        81.872126746032393     
   11.736369328447120        99.479950691957328     
   14.026688233052953        99.713607533874892     
   10.593638424483498        84.028547674783312     
   16.328701336793820        80.032826330119462     
   13.386780491837994        97.670869023107812     
   19.935448617392890        98.604809878563216     
   18.064286284911272        98.519352024906780     
   15.208728902169357        89.461436183762345     
   12.540191892490055        85.590283791570144     
   18.968807747595612        97.009227800809654     
   10.239021795757610        81.196069746571354     
   15.349966016264275        93.240964397580342     
   13.543889645392984        83.059796756640068     
   17.282808609879620        97.609467823732246     
   12.112647080208708        99.530383922449317     
   12.916457456726123        95.550891786295665     
   15.708249474195741        92.231563295186902     
   18.609830501530737        96.356395655663320     
   16.926645909997291        92.266208516420761     
   17.633831819348931        85.534479078291554     
   17.157070544606434        92.388058731730155     
   17.658678968896986        85.076972752917072     
   15.580887340048038        98.479551113549462     
   19.795954966831250        82.176143752885778     
   15.985094516180904        81.961770982206687     
   11.715082899294311        91.773209634293934     
   13.707797740195691        82.460050083528387     
   19.462719489683248        82.936373808803566     
   19.131214228789148        87.649787821821178     
   10.852594239688969        86.367539528414085     
   12.570037602428645        83.330392201204333     
   11.047684557485757        93.167022006220691     
   15.675011033330517        97.790899703896571     
   14.704062012348755        99.430887242238398     
   19.035594285987997        97.883892661238363     
   19.145367616126226        89.194789478260191     
   15.632594033214383        82.177646857914823     
   16.138432870238262        87.568907979699503     
   10.056311676569745        91.439258348525442     
   15.406379977017515        87.537429313245013     
   14.662360428181193        81.110730636899461     
   12.219081658004587        91.894933283493828     
   11.088967588736287        95.955513869934293     
   15.429893323394321        95.536204027398156     
   15.082076572754362        99.221024384448043     
   13.644554525786292        80.095702118536266     
   12.130847335845075        97.272284137491326     
   15.128765107657888        86.934111243079968     
   16.205439080355919        95.635491123180515     
   14.861540722906026        94.069052190779715     
   10.005892102921459        94.553745825892662     
   12.840298868534434        80.162097700574975     
   11.440754513317644        90.511647400582348     
   15.665125454853666        92.298335967739789     
   16.891330904861213        89.168506904154739     
   13.172664041550361        94.151309722652201     
   15.162556536694421        82.726278428740514     
   14.924435807972010        93.814964435538926     
   16.493372199113750        90.596808049635669     
   14.567468078927170        92.691982237197507     
   15.446564641074350        86.313422143812687     
   13.000160179607519        95.475921243087711     
   19.493333534088961        80.001292475421380     
   19.759338842105500        87.617789512624057     
   17.637567265769412        99.800111024590379     
   18.072022341016268        93.643570916027642     
   16.230270416686317        93.720367869394138     
   10.583284872474593        86.261548661785525     
   16.839790293966441        91.967301278630572     
   13.738696799904256        87.663696688044965     
   18.167690932917800        88.113436844321228     
   18.462314867677811        90.540418398617462     
   15.859721219399326        86.362353998688462     
   12.871232665974754        97.552691330600993     
   11.036276470475482        80.639632773244855     
   19.141454730677594        80.971492230719164     
   19.617352587884792        88.171886980922238     
   10.849442879837031        84.083738957338426     
   14.356476380563663        86.305803379586436     
   13.878211215372353        81.375505496686969     
   10.744902730623512        92.384023586057637     
   18.482964309311214        99.697294740610488     
   10.211475359126100        92.809531225523799     
   16.726644196965751        92.650534476902465     
   17.570295740743493        80.409729290801252     
   11.242852185622024        84.359149267787487     
   14.254149031732087        97.343828694441001     
   10.385539526887372        97.113241150903335     
   16.665631779216756        80.044194609732287     
   11.158105061833330        99.414021128040844     
   14.668836793783662        81.186806903964424     
   14.205661595732906        93.892934846638539     
   16.237705292919991        85.231798093450962     
   19.591749332234905        91.057409629268363     
   13.589816756508320        82.130964605173517     
   13.901710597347474        93.372063509758604     
   12.305919181442505        93.859955694396334     
   17.935409197700828        85.931671447351036     
   12.842730562413076        93.721429380871939     
   17.586692334884937        80.097666106288543     
   19.808143842648683        81.557834318056493     
   15.216257192616645        97.898930780782891     
   10.709608183860533        82.614645320413885     
   19.053535782887753        97.262400648009518     
   13.339642450856239        97.892800257419836     
   13.704199807345869        97.165208898576040     
   16.093417778514279        97.915754147695424     
   11.735580645072087        83.461156965853320     
   13.934662772829327        80.406097294276790     
   13.092384313334449        92.009912193408965     
   16.678460797961343        85.665218870813689     
   11.363495876786720        86.927312965993949     
   17.996265030268319        93.133467134158607     
   10.298608570942836        80.925888027107547     
   19.252026230124251        91.436362965568435     
   11.728757313681060        93.145736817544687     
   10.152787509832780        82.096366173605162     
   17.716101853173114        87.657856457373811     
   13.244426594002558        80.898178338133178     
   15.794076872896628        81.564429340753776     
   14.601913334309298        80.504761780897226     
   16.870372767786790        98.789922948805881     
   12.159250245854254        95.005441835130583     
   16.822364861780898        93.679426059991570     
   11.445216694477701        85.007703248526369     
   10.764143240863993        89.112817356837638     
   17.693621577825507        88.405495526546346     
   18.568091281199010        82.922993576802625     
   10.945088280095662        91.805888432937337     
   12.577138784309376        91.998577505915733     
   15.681632551390262        90.195398989606801     
   19.544481184459993        82.060536146635584     
   18.076305586486850        95.306091716657761     
   14.223131351096228        81.306352832793948     
   14.779028150755948        90.867483156091879     
   16.848385835080176        87.252754246339777     
   16.011708811057815        96.218559616520963     
   10.758777141207183        88.778392202618960     
   19.945708023097623        93.769321498000636     
   13.808770844333097        94.969646631695667     
   12.991501497973818        95.713064360125742     
   14.542514065331975        81.217166183057017     
   16.877264843781504        93.388966806933453     
   17.304028727228193        83.855283380558731     
   10.339260224204326        87.400354712672183     
   11.148019238043034        92.983021491601491     
   14.744361990367132        94.992505355918041     
   15.336363670487112        91.448833823778145     
   11.548336743892182        91.006022297143559     
   19.975968451197460        98.643765610551782     
   11.501816962742064        99.405269412342818     
   18.522286933067413        85.434235721311879     
   12.730123724532284        83.445266838933918     
   12.146592256600913        89.614622279682038     
   19.956416427535615        86.892777154562566     
   17.785948961481836        99.499330219929007     
   16.524139677985097        81.448497907461714     
   16.756278610772750        80.354716932653787     
   17.866763032988949        95.561668409012256     
   15.228308690869106        95.487944249139900     
   16.241056831191393        84.680104845414007     
   19.853628370230087        95.982458281525865     
   13.765147976122869        82.963608105596606     
   18.185592920683437        94.358041398364634     
   17.706250116898886        96.451299420130823     
   10.669056846582603        94.304167130497547     
   15.941708254695728        98.646035903730819     
   17.443957880240806        98.033276044928130     
   15.049733950171298        96.528301470896878     
   14.859517400305821        89.441736881274707     
   12.208754482668819        86.793029067003943     
   14.288407618837406        84.159985111646549     
   14.854302540065383        88.890209969033705     
   11.102099711475107        93.962141695385654     
   11.596115575539040        88.376331908629112     
   16.256375991920123        93.218641512619300     
   15.887087140568134        81.282308296963492     
   14.642871363415136        89.739675413297874     
   14.551087857862749        98.130523452743120     
   13.555939062999125        89.497672363214193     
   16.624440181640274        86.237099114532498     
   15.992451494478596        82.943555350025747     
   12.371587111086278        89.918223902897793     
   10.265463430318365        81.240064457883747     
   16.405836097671752        82.347701349936600     
   13.500313117133318        93.852581867492319     
   15.021998437101189        80.448606084224096     
   10.890809620064486        98.796019917404479     
   16.751608831968635        88.050809833081885     
   15.182936626398330        81.000610014350301     
   10.608718863685230        90.771674366749352     
   17.240936413232713        82.959910523552935     
   12.702361450258788        97.917114341466061     
   16.596085755056254        98.304641489523675     
   17.749911116290708        82.644091509508172     
   11.837093133543281        85.997870605487947     
   11.608186946977309        92.024099105366730     
   11.101560302236527        94.410941589962420     
   11.003177444145141        94.922221330847478     
   16.018019213100210        92.634237093655571     
   13.168809503676581        93.642405736147808     
   10.118238486647323        90.775799281267041     
   14.562226382277908        97.324351621591632     
   19.244338180938300        99.804868230021441     
   14.390635989828198        98.039690079398383     
   12.346960690802256        80.761081075423434     
   16.121638533754179        99.493121538613138     
   13.241861065357460        94.372318260054072     
   19.548943926625203        88.250942405065558     
   14.643743267679261        87.198275662591371     
   16.516517824216173        87.562010313422789     
   19.988921987117216        80.359285364702913     
   12.348199005373353        83.146681576142242     
   17.032693628266195        90.283372329113675     
   17.325710058477057        97.549867146772726     
   13.857949786037207        82.813072189622744     
   17.845305809230233        92.795590398938927     
   19.276295595027172        99.157123480311640     
   19.726841418775379        81.227531284499776     
   14.422318302063065        89.071716326080661     
   11.717071254315925        80.617618319172763     
   19.074523397285326        87.674762788142232     
   12.818673691692887        99.732493575738431     
   15.870791804604124        84.619204275269425     
   11.340306962097118        99.343025656615652     
   15.564061252084510        80.010340187340660     
   13.209951811595710        96.858812302650207     
   11.444028418001160        87.969044519483646     
   13.225115143690740        85.573897450192490     
   13.280506269957677        87.388334799849247     
   13.657040726547416        81.019216956012514     
   19.868833588886254        94.141829976570293     
   12.961458696143502        87.130124602394218     
   13.232248245018940        87.644358106192882     
   17.860540330488561        97.161329820041146     
   10.713662064439557        95.059523426055321     
   15.727207763290128        90.948511537135005     
   15.673843278748427        91.191703022970927     
   13.022594697101516        94.235652209565075     
   16.268029815378348        85.782831494566622     
   11.456115284127065        87.230463836701105     
   18.854610586959836        96.939108849585054     
   10.238687381581794        92.019047176882523     
   10.670988020149014        80.017088503892964     
   18.345018728574942        83.655026340852331     
   11.150918077432557        84.464601429903524     
   12.487101584506883        96.934109472394425     
   14.617897973347313        94.340562512879430     
   11.810843906398155        80.973642903347255     
   15.016124592539448        93.855489957112297     
   18.913837117594923        84.890737633845063     
   14.586894309765611        97.385488990508961     
   17.213054085022659        86.392113129861286     
   14.876408833359985        82.265149213437809     
   17.623717131312358        96.541954080226787     
   12.778812126052976        87.230953757027251     
   13.562220627672986        85.478896860982999     
   16.713713340455204        85.101930672919394     
   15.848817882491623        80.146662356206562     
   17.428079429156430        81.709063229449413     
   14.869555458466206        87.271774408485115     
   19.957161347225963        98.881389287126964     
   10.416807516416783        86.327062080227094     
   18.848682068868229        86.474262200615215     
   14.530043428322589        93.285503731852813     
   10.218109901152747        87.263029615250801     
   11.803424525516110        91.199251298480192     
   14.388627402547506        90.217947302422090     
   18.327424692823854        83.553098142875257     
   12.429491679914118        83.315818955740170     
   17.452171529540898        85.688067535227589     
   13.169982150954811        97.189244614305494     
   16.986000273180608        82.312205628966723     
   12.558911305071508        91.812384856179463     
   18.585451950270851        94.789837871680547     
   15.844252686032020        97.590772819458778     
   19.745361535185037        97.676110177067443     
   19.907063931032241        90.557026419081922     
   14.428427306462801        94.072097169916219     
   10.088662080248241        89.075143037751388     
   10.524378735075290        95.399720104527034     
   13.855879470007444        99.579897745342535     
   11.373432561285192        97.010663344671030     
   11.653245755352941        99.235913646739235     
   19.400541798056750        98.455677067230496     
   15.867391782021677        96.482073123927051     
   17.773272555779954        98.131640780475294     
   11.416185909214935        90.280318392096049     
   16.833025225975398        92.522855590686149     
   18.187181105040679        83.596609939884132     
   19.365936184863529        88.169797499684705     
   13.831965949798224        89.398003875344656     
   19.282070732041873        99.319541862692517     
   15.303416053388080        84.413947425662684     
   13.840164147324568        99.878963784443130     
   13.029212858109837        95.915651192813215     
   18.811750234032296        97.628403789179501     
   14.579656102674090        98.019765556705039     
   12.946659080764459        86.047947466361848     
   16.688330511470966        98.860487733404753     
   17.210722998178824        82.412314134072105     
   16.129049731370021        91.950951748613932     
   11.066780239013017        83.912463504913362     
   12.722440486067494        87.201500509721257     
   11.741764567892790        98.784130815826643     
   12.049532911746436        93.673744395253124     
   12.133087421460539        86.137091236630312     
   18.603553798818005        87.609863455884309     
   11.787343521146125        96.643030674271728     
   15.292873785867659        87.310837196817715     
   11.006815055848344        96.341407285206031     
   19.750660963015203        82.132234676318518     
   17.385068263075212        81.851371765357712     
   15.017633629089353        95.068979986369897     
   15.329773763419949        93.314264319016658     
   11.565259424021045        81.175312690660718     
   18.180007330250675        83.573779608597519     
   13.481469126798959        91.469575415446016     
   13.857184522231538        94.597865914490583     
   14.872744703136171        85.854702219278451     
   17.031295661494980        88.882105676914321     
   17.322065514095179        85.813221720633891     
   18.578940463868683        82.458556867553511     
   13.886620470887776        86.490094167299233     
   14.921491439483598        88.537040225505848     
   11.060384348651363        85.941018363793631     
   16.749154953395873        80.110076819037417     
   14.748341517987411        99.661544937981134     
   12.616733535586025        94.610324079529903     
   15.534330312649388        89.910511708331924     
   11.763285971809694        94.098135471527570     
   15.125971829364643        88.404745112043216     
   10.709659748388617        84.884314193280602     
   14.279149136460465        95.848414152736424     
   14.647375258742120        87.170158174386614     
   11.916671493365767        85.844820162966357     
   12.054859851006402        92.514730336270873     
   18.082675996399217        88.829618809588823     
   17.769352943764407        99.953653118293488     
   19.280226492359041        82.074432118523461     
   12.067640760114937        81.722487767020851     
   11.094982301299389        91.374065155012644     
   18.707137233132883        83.483671071534857     
   17.002034665345377        96.630891225923051     
   16.656909650690828        80.056609341702199     
   11.439680705664655        99.699905832481818     
   12.668077847653022        93.952382751445214     
   12.047425272333376        99.819124612155221     
   13.365431949108778        91.226225370007541     
   12.952947817898089        82.361286198882325     
   13.999921834470893        96.412946607581418     
   11.314245267951307        80.870883381885648     
   15.192184486006628        94.194801142899209     
   12.388828273973781        80.481840720212375     
   14.074131286530431        94.650454738631410     
   17.105945944538124        96.298072598252205     
   18.650602827741878        86.393799988869532     
   12.814900451602142        87.103069731039724     
   13.818341787520016        92.163946957582425     
   16.791827386154452        93.428083762181444     
   15.449021626261370        99.189911622330797     
   18.652450642897307        99.592547844987621     
   15.087185741512139        92.272754293542647     
   11.687486353636970        91.304875801102668     
   12.725810483457941        86.978979371002964     
   11.003572349651174        91.307854831599684     
   15.903204944213417        97.429861632491935     
   18.602793868079807        81.655872648917210     
   17.350046213673252        88.048506693044033     
   15.848461808359302        83.446541645076607     
   14.371604448401161        92.912343575831585     
   19.892464450089516        87.731802178780100     
   11.764004405317511        89.438444488468548     
   11.619262363660622        83.231577461981260     
   18.937953470180069        90.276028784541253     
   19.153320363725904        97.579549725355463     
   17.613100356001162        97.620159876599757     
   13.862047660335890        86.486031588692427     
   13.738073838615922        88.581254335104475     
   14.466089213985786        96.598515811927228     
   17.820625840679043        95.061640145513053     
   15.085488883558522        90.418977630598548     
   11.129903737043781        82.296737702309471     
   17.074628415820822        91.217667145290847     
   13.235354036384546        95.600566211442867     
   19.699499301935116        98.300668916929283     
   15.937416999970251        81.633038204390004     
   10.676668341445360        90.721053167794111     
   10.092077581535090        93.672943411920485     
   10.025837090086791        93.803585539168509     
   15.444046375003495        96.860300548000012     
   16.634957091766942        83.139878381681953     
   10.976936302988276        82.239931749282405     
   19.447359915861878        91.262877539020451     
   19.712487081593494        84.274939299571869     
   10.605010685169553        82.526388158768853     
   19.029805046648612        88.230770796388114     
   17.991802029818647        81.497045792143453     
   11.247138938308952        84.355432479271045     
   19.696424532780433        89.245619552071147     
   10.614350936251682        91.589869278380874     
   12.820639738804946        99.044451110497363     
   13.153441576037164        89.988425317899697     
   18.942306555446244        99.555128146489594     
