   12.785898525825667        95.761720244837335     
   19.713128516936649        80.764132978396248     
   11.351047588394852        86.959209537310713     
   17.144688470742935        84.612591724693715     
   12.658942389743068        95.659018705659420     
   12.362856647102946        93.958374023554640     
   12.973448723281761        99.850723313204227     
   14.809888962781956        87.652380185611875     
   12.720177548136789        82.451469712011402     
   10.241372627220009        83.398209752547558     
   12.883445589563701        95.375754165623391     
   13.344726360153103        99.862922006383329     
   17.364544072453285        94.586568636722376     
   16.692110480172826        88.533220585044873     
   10.057227509488262        93.963217348644477     
   11.846057301397870        83.152413535426390     
   17.623806751198021        86.250966429906555     
   16.838497536395991        90.993546627613867     
   14.838648542699348        89.174054607966241     
   19.098821888161087        98.687902342938372     
   12.652231755688813        99.281772067594616     
   16.861064156058063        98.995654336243575     
   10.073415791083910        89.307371064213953     
   16.448618215290423        83.713131435608332     
   18.394594323225597        82.725149713337984     
   17.044847560868085        89.979292006910597     
   11.298048084971075        88.526791612807216     
   15.384481623924863        99.420360183056715     
   12.647391974811075        80.196338931870599     
   19.279507832078266        95.169452006057980     
   10.190010345637466        84.224279686861919     
   14.523021138827238        87.946445690686133     
   12.315868597234893        98.538213027957454     
   13.400884555196260        85.791988866195922     
   10.545794787282711        97.148016028313180     
   12.099689150515756        86.401476935604236     
   14.925304790856243        98.631308105629586     
   13.420531675315196        95.634740290412580     
   10.890692777157550        92.180918804217811     
   12.984349366961826        82.406283734482798     
   12.261884657623330        94.902194802248061     
   10.863873948112190        97.365461357678342     
   18.343042128876704        91.501737586008133     
   13.834225225652460        99.046506378381565     
   11.071794715289512        85.829548772810483     
   19.004159160071470        82.660746917108142     
   14.301032175424531        85.133533090073982     
   10.449440457166961        85.777506453496002     
   17.894305575256357        89.672619371900254     
   11.879729857639600        99.509645221230258     
   12.353172924416523        95.246686766001545     
   13.457591011317179        80.807134967277676     
   11.497844868530633        82.616348398375848     
   19.605408830942661        88.431338445587016     
   11.252616361253040        99.231142157868049     
   15.658250872594522        95.127714574571030     
   19.413947191028871        86.058089662904905     
   19.171966125214048        98.186008730552544     
   16.909627659681835        89.777908142352686     
   18.627595719724280        84.391937856864800     
   12.205937730261004        87.329118016937343     
   12.606229710451776        82.724019393876077     
   14.869411584939819        95.278574607765194     
   16.942852979427336        94.590851937945629     
   12.682456624035883        91.252658644047656     
   16.634579357458897        92.572615214083598     
   19.854638057259002        89.090527077334613     
   12.709163109089264        90.821756357363469     
   12.768571055412735        97.575198332594866     
   17.554333862690534        99.592982808540796     
   11.957785929458542        87.597981411299486     
   13.644512336703633        92.804765474409479     
   13.394834192586096        85.089884115102066     
   12.474146391200925        93.391222879441827     
   15.524349682818563        93.136444610234250     
   17.004397946232530        92.953788907543313     
   13.525833074260452        86.307014121867780     
   14.881435382934658        81.172124600440270     
   19.859039604588112        85.009567971688156     
   17.670100612719963        82.767154420655274     
   15.562793447395240        83.964026269690208     
   17.039147771071391        87.595294357929362     
   12.552500760735843        97.297163761933973     
   15.891355810960565        98.986901026176668     
   10.627998714443720        94.556110587786250     
   10.403439927115127        83.555190801561608     
   17.700841865729799        81.301687939949147     
   17.589221946134010        83.823928057475456     
   17.403163517809631        96.065665250004045     
   10.013681104944602        80.554798433674904     
   15.122238743814336        93.269613743242843     
   12.532725705518875        96.375973086585034     
   15.006825490624664        95.334052213846022     
   12.675585974217746        84.884672378607348     
   12.203251137194577        96.195401213310873     
   11.638671862353963        96.876931272655213     
   16.270906723458527        90.546812445355243     
   15.771340542243504        87.633153423140683     
   16.500806509402970        96.612299359012496     
   18.308249053180035        96.641284380474602     
   13.744132907299470        97.403162620905420     
   12.753224801069413        87.065288634600748     
   12.922091914395665        93.084515411473063     
   15.237439765279575        88.243150994290161     
   14.760816033029727        99.525870017981276     
   14.825118280686972        99.181514181790575     
   16.414401767380760        89.532864830554601     
   10.777522596011583        87.320729034811535     
   10.564926352016201        96.940407406026253     
   11.927850886146839        87.902687056694504     
   16.088204813364293        87.638545561737359     
   13.113015497672292        96.863518632964599     
   17.522752748396684        98.453400848318068     
   10.512010274129807        88.366531925039567     
   16.263709757750739        95.508146857420073     
   13.563554915389592        83.934538649443169     
   19.905145149111430        95.051553711783129     
   10.158086829150786        91.242646913598264     
   14.752804728608384        82.101788646513683     
   19.526388854637208        81.692373241553454     
   18.060347347324452        84.626899153553367     
   12.317974188768883        84.790928908569853     
   10.259877321937056        97.752495569911346     
   15.816012735770169        87.208135636501908     
   16.362881703516049        85.997000189994537     
   16.251269850676103        82.652096746410706     
   12.676233874555157        89.062964257233958     
   18.356408660678767        93.860947773233733     
   15.599212851500257        89.144886066071109     
   19.542818763525680        90.870263588894147     
   13.862176473918140        89.130673458999979     
   14.383918314971325        86.756309071258656     
   12.837919066584590        83.043605765481018     
   12.383480228217424        93.150774736060526     
   11.738706525490540        99.033354941357430     
   10.736747156438327        95.917463214363210     
   15.941402654154425        87.687975349358339     
   15.928586972320181        80.983540501708319     
   18.672938431762248        84.911764485108208     
   16.101571780029424        92.149914692923886     
   15.498210735003163        96.073066005210578     
   14.489012651460662        96.028078248193680     
   17.429379698253527        80.197751472659462     
   18.369770854122390        93.517075685226217     
   13.656022508761966        89.754594078313843     
   15.360800981204420        87.115239011833339     
   15.829646136554615        93.765779862490362     
   19.758733431417404        80.270537330604796     
   12.205184417823657        96.307483002104661     
   11.937215308499995        81.543996628450358     
   18.142006416925668        87.801240377048984     
   19.753635136266887        83.290352085283459     
   18.780229726993031        85.967731116035665     
   13.184874230813634        82.541244212883910     
   18.550469864859124        97.786287226125793     
   19.759245965022743        89.141158180453758     
   12.293576922505130        87.432923301575201     
   19.035938543459473        84.682493626769954     
   10.800500102257736        91.447846765692020     
   12.025653134505511        82.258125082603087     
   18.668459297861247        88.786096124540165     
   18.338476866905264        90.288843695992796     
   14.919620028991481        86.279737945708803     
   11.736723506271570        90.639692083650260     
   14.880668192495703        95.768029175651535     
   15.324762959821541        81.733451813760652     
   12.568925843769359        88.553900097129087     
   10.649623350594963        86.492708556908994     
   19.985738735756179        81.608185181528725     
   11.278233673686174        97.746025793333089     
   12.300016695666690        98.145096841602168     
   13.119308554314578        86.947749836633804     
   17.482805250164997        90.584895246956037     
   13.157956650362552        85.385304771854535     
   12.633998125988555        99.412463308197118     
   12.879803696046846        83.897728775136514     
   17.479620407113405        94.029495982179853     
   16.779813269554058        89.979675274595209     
   10.136806647609331        93.910037747632160     
   19.731161255353083        84.633014944264517     
   17.349796767916317        84.338705407067195     
   14.886603124489625        85.574707164622680     
   10.730094068407231        97.707574052109052     
   18.384929717424082        88.039902252343964     
   12.894795538166321        89.390244087420825     
   11.230204041993034        82.144808814824941     
   13.589964326024960        92.128710873591402     
   19.735216503335892        93.957730342250514     
   17.119229254101494        81.254263659377898     
   10.086555373788549        86.204907424283519     
   12.822894464077802        80.732751864808719     
   14.273621471133442        96.085062142913401     
   11.642285302630295        84.403389297891778     
   13.444632493355851        80.245914218642127     
   11.686066786410858        91.497649633787418     
   13.938610593835934        96.776960136543352     
   13.330819423876946        87.115370639943819     
   12.082898185193315        83.615457402771540     
   11.197673884906560        99.629775201600424     
   11.516267692212299        95.660701955792277     
   11.473763607648532        99.606408578294548     
   18.912431590606257        94.527692921053216     
   17.751549465462418        80.993795477548062     
   17.964720504935840        92.500903061968458     
   13.450245322782470        98.716326018932889     
   16.967176304151991        85.840483773348069     
   10.845373451946280        92.388385389625967     
   12.906482694967012        96.550423912056402     
   17.018751726849093        98.185374689683655     
   19.357717068382456        94.540200818061152     
   16.748024277684561        93.736187918943600     
   11.937809913164644        89.242851186077019     
   12.095361919379606        94.339433939657610     
   15.554654004108375        97.939095499266315     
   18.383029045638445        94.533630799606158     
   18.329741579734723        93.811145792756250     
   16.313658347479617        93.456421086866840     
   15.353816613822797        82.041655629071045     
   18.196354331701961        83.789075165720831     
   10.324087187996584        80.412583477614945     
   19.772031624426916        88.939408999984948     
   16.688577872232411        82.379002416333066     
   15.129808013468072        95.881524224606167     
   12.055787303183468        89.122046727263466     
   13.913550717220481        90.510370431746168     
   15.901889407065406        93.291076462302385     
   14.261448761164271        88.941741290426506     
   13.382488168459741        91.672758094411691     
   16.721036885980517        99.479962952695828     
   16.969148599525585        88.035370604575107     
   17.757029256603190        89.739276558627125     
   15.202082145465791        92.650576548928200     
   12.447984138968540        91.892028095079539     
   16.061690838168463        80.387865908610138     
   11.476198972481455        83.818359858616247     
   17.505343590824957        94.780317483810222     
   14.964651940846512        96.584456304529738     
   10.126353833207729        83.939808253588168     
   16.405121520714857        84.778390358017120     
   18.210126439227952        85.242223705859487     
   10.910427226598951        97.535296160763494     
   16.073066976626208        83.841721763858402     
   14.637844521134930        94.525891711429239     
   17.244288858307364        89.210306367139680     
   13.173921542694426        90.001290477243487     
   10.680304973832339        86.092108177632412     
   13.038585618578935        91.343589821751181     
   16.234635322366341        92.548076701994319     
   15.497720300891881        89.271877500575613     
   11.040531198983739        90.057530138768186     
   15.355743066471026        85.576638740146677     
   16.822440847320362        88.250058098825960     
   13.465610707019909        81.942647937216265     
   14.402329579546540        94.054038108203358     
   17.505578657523380        91.114375371119806     
   18.131931944753539        83.614368158985414     
   18.852222936090662        96.111609510198122     
   13.210410609048864        93.564075850413573     
   16.055038592495958        94.624398976268026     
   11.871476112631406        93.211462612517380     
   17.072711528934647        94.404820424741729     
   17.522231664660474        80.034691745402228     
   14.764244225424916        94.912512483160057     
   12.418097730551503        93.329979220367392     
   10.857576698091011        89.069712240343634     
   15.356465708391998        96.421996158080418     
   16.588269444322975        89.259174910947777     
   18.364525528994172        83.171233794945877     
   17.923351037843663        80.184760779584948     
   14.693230203363633        83.840768964107539     
   19.404309563438424        82.546887709704421     
   19.307516003419657        89.617212477691240     
   19.954716084155237        96.957647973685596     
   12.321887446845695        88.775007241197429     
   13.730505655021350        85.540783647191461     
   13.822474950780084        95.391377660704308     
   18.085051370091399        86.772572492187749     
   11.204531428041433        85.914422533823796     
   14.534302394856956        99.133297258685829     
   17.643301348765341        85.795241425361709     
   10.207894758068088        80.149820249452446     
   14.595838253065718        92.192441475104886     
   16.738166711438016        90.770363471139262     
   10.744555385081721        86.890703801448126     
   13.342124164689741        81.720921049403458     
   17.915609462633626        91.839280796019892     
   12.755338286434103        83.354401515743717     
   18.108728826802878        82.696252158129042     
   13.396861066108603        83.056282132990077     
   19.920389435954334        97.454075169511356     
   19.101877409291735        96.194211869829502     
   14.501657473684185        89.759968547870258     
   17.893994369369771        81.800556043488825     
   18.820869983788317        84.128235717863376     
   11.298526660294620        93.678397592444227     
   15.004590964976629        82.236768961961147     
   10.646413878084285        86.835517486447515     
   11.328673888159976        84.070805332399601     
   16.632042998913636        90.305055009542585     
   19.126554426598410        99.515449311142660     
   15.062450988636957        83.259958897552195     
   12.037579849359403        97.221798257608413     
   15.015422351276344        94.506255800305212     
   15.706050498288228        92.608842602653937     
   11.326906827483938        80.460250733034954     
   11.204366450770664        83.431400486330688     
   14.470788685669643        82.027573633868016     
   13.686857832569881        93.627252797262912     
   17.593473417885320        82.678487726203812     
   18.599925759964460        90.129181839804076     
   19.369340255437933        89.659709204799725     
   16.472876867958131        93.430976527604273     
   14.142380313777068        93.327754569861909     
   16.424617322090157        83.145457301427669     
   12.431013410734204        89.152374019722501     
   11.727749977481547        87.185543148098816     
   18.686932652887542        96.865814193269983     
   12.651975001714730        84.401583705712653     
   12.759242576691076        87.051178629997949     
   16.975093799191090        88.209180996053490     
   15.429388246041521        91.918981233658357     
   14.157279176652368        82.779159908514302     
   19.840923896340122        87.667159870539138     
   14.483648145893561        89.348982604983149     
   16.465300082302388        83.757975554514857     
   12.269110629563187        98.393789060555861     
   13.786190973139901        94.751334127922391     
   10.204203806737386        90.106503730520075     
   15.477250744195507        96.827193569397878     
   18.010677111200700        97.329613260371644     
   12.232068171584253        96.822099718317901     
   14.395638119458894        99.703907892468933     
   10.198185080320531        97.177253515920228     
   10.425206507325509        90.852685659443750     
   12.493047432696748        85.973017685316918     
   10.472033461903029        84.138480089891473     
   17.125262275229488        87.379020769673062     
   10.223346115620542        81.092824586709185     
   19.709201735836210        90.941890598228895     
   19.955596307616709        89.200405153114872     
   17.468247937811146        96.557000802256283     
   17.475366333907036        94.932768777842213     
   11.955908156506363        81.311734360858708     
   12.001615633191321        93.227572185793647     
   15.663991036716189        97.314208661080713     
   16.378444840201155        84.682776253210776     
   15.267264951060580        93.333352435503627     
   11.263815073250884        92.252150879248674     
   19.252029564510106        97.896523250420614     
   15.881417631382806        98.069528050716329     
   13.481903503098939        94.154444738200866     
   10.885073111810557        82.668465322411038     
   15.858153423694466        80.350779272554249     
   17.288976704642369        93.752809293007289     
   13.157241852353977        81.794821699748837     
   16.111243655689666        95.422208793556266     
   19.933903300500408        80.831837515126708     
   16.094193639288957        92.763523138090008     
   13.292930354550737        84.354943891936131     
   12.873730871753809        88.666340586565838     
   19.677383692467323        85.692088018652399     
   19.752277617011075        98.633184028915792     
   10.127205820550365        86.986204823798730     
   18.242468962432483        96.391527053803983     
   19.823633470380706        95.273023427458995     
   11.734414941840150        88.228580776289618     
   14.338973419894684        83.016841600057731     
   11.837676491187205        86.724544007728014     
   16.509520674881752        90.778563003338760     
   11.681076886211535        95.037829848738625     
   19.089132584870484        91.233460277940551     
   17.303500337002209        87.848431606547678     
   16.288457240628155        80.084597560591476     
   10.382312913306722        92.428325628357811     
   10.589719231372538        99.053119322720363     
   13.469469489777131        84.277071875420276     
   16.025471766941500        80.791954643597649     
   18.563458809854900        88.514694063066202     
   15.074522059658786        86.924818285563120     
   18.060101497294962        88.523135829123220     
   10.039644382538045        91.108725783336467     
   14.656329951504940        96.071517711242947     
   16.899365758357980        93.653785437451589     
   16.472050292232247        82.542360666138862     
   13.937645148795205        89.077454521933845     
   13.270293081682993        83.022419592050383     
   15.967097199960941        97.663763106585733     
   15.188617889661788        82.889837201065333     
   11.422122084918096        94.486069487162453     
   12.208632682962886        94.012134737502393     
   18.803615454944278        99.329512527539876     
   11.791924294607952        82.944313330337195     
   19.342314367564938        93.145052366836339     
   13.046611317455531        87.842651095162637     
   17.273980332649732        89.826863905510649     
   18.312693227114352        86.086969439210009     
   19.749010307428069        97.155210175018425     
   10.431166875763902        80.979338525249403     
   10.740906043658853        82.619360487971463     
   18.409804958261248        94.694707326188905     
   15.119748507902598        81.485374880864782     
   12.490928091874755        81.298799128173258     
   18.982511695065881        84.672746057110103     
   19.584779267716506        90.106482991429644     
   19.695388827122919        86.127032373063528     
   13.854530155419909        80.353540460044627     
   17.241616308607668        95.717129239314417     
   10.423209297549691        97.608134708916339     
   13.270301836302330        83.265651036877827     
   17.417026454951145        81.424662280109544     
   13.288293410660442        83.186598779876178     
   19.817539457264580        80.426135366278544     
   15.665481913658869        87.138344857250388     
   15.016496144563465        90.088599360550759     
   14.725606455190707        87.016067850077462     
   11.801207300497934        84.387481514914299     
   13.175297171458499        83.532834934615749     
   11.223668083057962        92.929284466097613     
   11.785010325071060        80.476184652248762     
   19.083068000269545        81.289960635538009     
   13.711960043542373        95.914511120809607     
   14.925350470099069        84.303007545550699     
   16.958125317788273        84.086631196729002     
   12.015300617658252        83.119391616041682     
   15.668583809098983        97.465838087404777     
   10.034585304891992        83.820398490056675     
   12.892735253426997        91.199283795348848     
   18.941620316330820        97.785451729025795     
   12.914236359625727        99.381739535259157     
   11.214174897754944        83.736519346719334     
   10.905073525413775        96.143786751037339     
   17.737310094115006        82.524319333329444     
   12.512398057156860        87.799133026591036     
   10.831412343515428        86.871338716536812     
   13.166873368488346        86.991731447639111     
   19.770559945986935        81.321668540355049     
   13.411778328139881        84.065606341929097     
   19.663380374040166        92.340044446610094     
   19.666145479232959        91.675918113399845     
   11.387787335052570        83.587564354818966     
   19.686316202308916        82.165977761710380     
   10.167356400364927        88.170640054394354     
   19.062702883264656        98.929994469684786     
   10.815979217632671        83.979126096198641     
   15.481393684043580        91.065255737766847     
   12.921918162400319        81.373956737838881     
   12.513927925230625        82.258874901260867     
   19.225116052448179        86.420333798937847     
   11.062196435255988        80.961025994390951     
   16.287168990496703        83.963791889081847     
   15.107291944150877        82.522246658738325     
   13.766067060682150        92.139608966881440     
   12.258668301220332        90.640076644655721     
   14.989362703146355        81.664481576726189     
   13.788037633680545        99.810127173537154     
   11.613533824537374        83.236217988084462     
   14.701872860583521        98.085175184428465     
   16.657559155483035        95.602358135539063     
   19.918167242448526        84.699020516027971     
   10.088060514421993        88.254207215617299     
   17.520026039831016        92.229143132318882     
   16.718622956354636        95.514613135855186     
   11.841137711214333        92.351895456391460     
   14.274929418822062        91.851603214389939     
   13.538341061099587        98.018856419417844     
   14.293564696776791        95.761388413073618     
   13.340524734499356        95.755818974914604     
   16.155545875616156        91.509910077445340     
   16.929819140656029        97.226844001665512     
   11.163247911483303        94.270534839788510     
   15.677686493735932        81.872803436675767     
   12.117401926723270        97.019124374844395     
   17.737849394452439        94.439984047372675     
   11.755481381914258        90.597721246237256     
   12.366376289211480        89.998716250009508     
   11.826390767462367        85.207562153680797     
   14.440485723822139        92.364975599583886     
   15.377491722676417        87.293382846875673     
   17.237361832390789        94.680061337874889     
   12.464528944248382        82.331648108929386     
   15.076885919509735        99.047100796071348     
   11.966076053783965        92.934804268610009     
   14.429266236230200        96.684157951828709     
   10.780534793500093        80.407969365764700     
   12.914942514411329        90.698547810594974     
   17.323589146889482        96.277988059342618     
   19.357220830964781        80.562257145929010     
   19.123291054969407        98.764019280793661     
   10.950036864756390        96.983823223735186     
   19.898199257558176        99.382675100986575     
   11.820964085625501        99.053164692577255     
   11.002163466074707        87.444759279788428     
   17.385383824849630        86.073630333618610     
   18.528651126557644        99.679706234458934     
   13.022693162931395        84.074506621848442     
   18.907521499547059        81.893486576322886     
   18.416459876544891        91.627070806334302     
   19.367342596740937        92.863245185228251     
   12.839931411146624        82.171984816144573     
   17.554121650002934        88.581996638026894     
   11.911360995193935        99.325306048479035     
   15.593649812014586        82.048255739870413     
   11.580486183369098        82.041376111599277     
   17.841543126120502        89.706451038855164     
   11.079391777786348        96.248826674030084     
   19.636117323653743        84.551101829207482     
   11.612541485321916        87.006929927392704     
   13.082033766009342        86.140995122909004     
   13.304404023221400        91.244021711957288     
   11.179207039808221        90.721614513596350     
   15.246018203835288        83.253337914664712     
   16.670964356957683        98.058286311436333     
   17.185174544294973        97.589184748499534     
   12.908519036398019        86.320000368983870     
   14.574444719646989        86.118036817466873     
   17.728731291581941        89.611358619107421     
   13.836976853283396        89.648488097412226     
   13.885539855450531        82.828726351998981     
   13.617719025036632        89.738955332784712     
   13.595849658857698        91.977665045411896     
   10.008852216233663        91.315051072441705     
   13.881824278071646        96.830802635855235     
   17.664381063226575        95.293053352091050     
   13.947533248366337        86.022583708972832     
   16.350100608545130        98.205784448106925     
   13.943293619239515        88.354242140753911     
   16.087260346762761        91.648337225108790     
   10.545586857126233        89.978557751989229     
   11.482587903855690        98.880121363050506     
   16.394655067434051        80.270115392014063     
   16.779074818226057        89.654171683500337     
   18.928558760318460        93.483723797379923     
   18.861118152332331        98.754270042292418     
   14.126328432176312        91.828078681702308     
   15.633927296956283        97.940462053691078     
   12.606116777697588        98.464549428479245     
   18.224911532982169        87.673471658996405     
   17.701639577322958        90.662190864475335     
   15.137379720019670        83.287577395449333     
   17.745054128358039        82.839327541528689     
   16.165428110728826        83.002515185062592     
   14.915235134352566        93.652151856725979     
   12.030679390888688        88.236563232537250     
   15.166973019873256        91.862009869997166     
   16.450883375931959        93.032897097012949     
   14.769929146249558        84.722874479545013     
   12.030475166243129        86.738535869132875     
   13.866035735746987        96.791723919083012     
   10.785661110532036        90.544768959623070     
   12.092463548320492        92.951288632561074     
   10.848445699206204        87.520598309500343     
   17.751235632890442        83.433945133355309     
   11.254440648683474        85.905206282896060     
   10.446150659776542        81.091786271017241     
   13.311560693592430        81.397904281715327     
   16.666467808435996        83.132606499203121     
   14.954614164200006        85.981192507355019     
   18.784095594736158        99.491625115562087     
   19.913468223543369        99.594159964375137     
   19.755521011954912        91.636818831768522     
   12.180632559847666        84.704959202081440     
   12.381653655591570        98.180382930844644     
   17.618436162019307        83.398247615077565     
   18.166157593781445        86.681265607462052     
   10.725477071677251        85.972127585235498     
   16.109458569245309        96.662441326957506     
   13.224044798561012        99.352759019898315     
   16.960386037211713        99.386973752884288     
   18.149676166566216        86.776997966351786     
   12.421182932257686        97.598323809104755     
   18.585267478589859        80.363376654614115     
   10.826757031880071        91.719064299436084     
   16.249808450888374        81.905692232255191     
   13.446956003489037        88.799933426520596     
   15.883982212644577        89.677274447692852     
   18.229394422389010        82.427678999208553     
   18.227502440761981        86.289701769675816     
   10.923700827489936        94.971234643069280     
   11.739681654472120        89.087022153644298     
   11.002152378357279        95.383923978174025     
   17.419718196449207        84.490755838361366     
   19.234518659867867        81.722188805337851     
   11.620134930250860        91.230388297457040     
   17.084092444667693        97.769293741273884     
   16.892138492568101        99.087682539156688     
   15.223655104003143        90.884336108192727     
   11.124897644422955        97.670736551040875     
   18.790890037637205        83.085044496900977     
   17.095920742280228        82.001687761179411     
   12.076373716674684        99.681181537617618     
   10.021373194505349        95.873955673172517     
   10.860188477113109        95.592798786301870     
   16.650543896718883        97.350313796047985     
   14.628196323111773        97.988559955703167     
   13.434010074153955        88.728835776276725     
   18.622136972719161        97.338306358454531     
   18.496333972406049        85.190166165059466     
   14.253401365379126        84.425053090011716     
   19.967891411243279        88.238569700115534     
   11.656721403047559        92.793501468180537     
   17.428825641227110        95.785512968399587     
   11.652571872448398        87.448260372491490     
   12.883901197198426        93.872624077593485     
   19.156229611863786        90.945800768570479     
   19.388884419764011        81.562583681062677     
   17.986167952729488        90.595763687189304     
   16.714967781364582        95.679303090326968     
   13.065959688176566        92.218109928448314     
   12.186967684603573        86.439717490149221     
   16.418647144987322        94.693059338089739     
   16.282820392420465        91.415205952295764     
   18.452714602778489        95.847877993167089     
   14.289026362638811        84.847646703393536     
   17.877040671220296        81.447354063939514     
   11.296136727783587        90.673552861720353     
   17.448169898382627        80.543316123151754     
   17.456685237642290        95.762337081891644     
   14.574012611921184        97.885954682378127     
   13.124403382247054        95.286465401491995     
   17.931866526534588        86.038303153450045     
   14.743312356553023        94.912073760147791     
   19.162112661120716        96.368808176896295     
   15.750110052722743        89.252186864133634     
   14.561748577856717        84.508042899187089     
   12.494011565250082        81.295294404714838     
   14.879526812441476        84.336360932127661     
   16.612432387753948        90.773826435948266     
   10.112024568103747        83.110109266700150     
   14.164663439035806        94.894771404310035     
   17.828607102370473        99.142070090251508     
   18.432344824817719        90.279311210130373     
   11.507512252486640        99.343092972290307     
   13.760500812924866        91.768886943344398     
   10.865299824370656        91.085403093947974     
   11.526225930150606        81.688980101316190     
   11.674660231254093        85.729987526424011     
   10.947104876497942        94.983173994034502     
   12.266241050084458        97.602830549855909     
   16.856456958797924        83.050608870523305     
   18.302487422663493        90.476605799896447     
   17.395939803819534        95.394270672951137     
   17.446122119314527        98.366265653034915     
   14.436352713180822        88.284922342347613     
   10.310825378888616        99.660333872438301     
   12.084798069610793        90.933197487163355     
   15.212369196656704        90.358661978363202     
   13.500795566183134        91.340785509119840     
   15.204654073740578        80.863777039482031     
   12.952196078036774        80.027238437281625     
   19.719638580461066        97.135078558614737     
   17.191047796871022        98.518692557842371     
   12.068829674998094        93.913212939687355     
   14.388952308571735        90.509851434472822     
   17.686077335017739        90.430939262193164     
   12.534107730499930        96.447306590966207     
   16.843769265861191        80.499990126827996     
   11.529466100880903        92.271751242990931     
   15.755835023453553        87.806643317270243     
   10.353185060051139        97.356820057957762     
   12.445054399965525        84.595690106814445     
   14.959987510570773        90.801149251217964     
   12.260150021672642        90.901712263774883     
   10.869844714102411        89.467560480733098     
   15.138525031725639        83.059442415861113     
   18.046212831453936        95.796378983840100     
   19.758821443674552        90.912853862293403     
   15.147986270814689        82.449466319412281     
   14.183588931372791        92.760169834524163     
   15.149476197479395        84.149116563864254     
   14.628770696955577        86.291761425364754     
   19.455591562280077        95.892469041965569     
   11.303585813225968        87.904858591892690     
   14.937401802433840        94.520078711326732     
   13.820384815107113        88.558580775718681     
   11.646483896230762        90.242742752871820     
   17.823607779841048        85.301235038046883     
   15.025564330401911        85.509425317273028     
   13.399904957062503        89.577679629676481     
   10.856969215049881        99.008451013325327     
   12.827687949841820        85.328545071218926     
   12.345651365501880        89.886008862218858     
   11.834264989395585        84.524467923108816     
   11.131910412032850        83.489847966963566     
   14.414893320627955        88.223912913198205     
   14.762255696410946        87.796146950398736     
   12.460993998345165        80.055697490215152     
   15.716464363202855        84.837001052285146     
   14.001626799072756        97.816026283407751     
   15.259700517137217        94.331587053687684     
   11.225616047544428        83.582323171123946     
   13.773618757083876        83.231691431574916     
   19.492359424512888        82.673134608008439     
   17.541278406717165        85.396316508054952     
   17.345294223990400        89.974952388205153     
   11.776988106740932        82.154176172381028     
   13.968080639072385        90.310460403113623     
   19.362574118678410        82.354464433961340     
   16.550788147709234        93.183464541880653     
   12.787402843036366        98.912537100755927     
   12.542602497390300        99.669754323194567     
   10.355000273032529        97.755478122396539     
   17.537959162799019        88.283628037220524     
   16.479215168974029        82.622561477907425     
   13.758084173566633        97.567681868444851     
   19.457701335114937        84.729559406754632     
   11.788426233353984        86.022974338336795     
   18.476617937851742        86.137996835403840     
   14.749422788000119        80.197822388443541     
   19.218082834069236        86.143615098846595     
   11.749208710297822        87.361762701442146     
   18.294205998103749        80.444978728640365     
   15.210215678299651        97.670828541696920     
   18.001239615246178        93.815741422770628     
   12.056266480184803        89.598155582205820     
   15.498943707575293        84.397136460620288     
   11.998630205705908        93.521484136488453     
   19.330404010315462        94.637192188973856     
   16.341671868002621        96.815363499191292     
   14.259325873773097        97.628743534855602     
   16.331243559438171        93.258237163054389     
   11.768561750266620        95.797798987988301     
   15.307548334538602        91.162133914318076     
   11.223474898729691        94.987381420570827     
   16.234342245888534        92.332471208040459     
   12.193387877145028        92.463500499963459     
   16.232905121716954        80.979816858361488     
   16.762141887027020        80.196911498813719     
   17.903540134440661        90.920216144538969     
   13.720282903236807        93.960007668913534     
   14.137944032067466        81.652094986619716     
   11.751163528026687        91.790550348071477     
   15.688880096546489        85.518326824466826     
   19.213662477927709        89.750144937297719     
   10.228868811502945        91.797385765463900     
   10.159717503174564        88.070893720144554     
   10.173753371843809        98.712987418486875     
   14.297228428571820        91.674816473715353     
   16.906796581321295        83.336982979441473     
   16.158964186040535        95.329721821947018     
   16.734762643848480        84.291654205807930     
   16.902093576202589        90.465801442160497     
   13.843804121689548        80.724522194222999     
   11.413947418940896        89.300943015744181     
   18.015836811285979        87.096034500410369     
   17.479337798289350        80.013733754981331     
   10.585878338935901        88.500309021787047     
   18.414834422811797        91.793313372459536     
   14.028887706894512        80.826544395331481     
   19.721371345201955        93.533038319914240     
   19.037118118672524        89.158796546829564     
   12.585034457354643        91.464387401252736     
   18.156916843042559        90.004610765727051     
   19.303974435443685        98.582580143268856     
   19.611020053301974        93.298820013877972     
   17.508420205959521        99.950347997846805     
   13.136852748211552        85.402820701851610     
   16.790082039045586        95.159000101132051     
   12.821303551135449        95.780141722935554     
   14.972816760543250        82.897633660101590     
   11.815819550914794        92.702650309254281     
   19.843190530248108        89.245957946062362     
   19.773268705088874        99.770040743667366     
   18.097594647164993        92.061651541383384     
   17.780912812664738        84.430070923227333     
   18.777517444105964        83.133789016815726     
   18.076903677507953        94.368117687188828     
   10.308994828077010        90.947174315299833     
   12.975133126552183        91.599394085499796     
   17.293852808216940        95.733613606283200     
   18.859742852950454        89.240046022313166     
   13.128689893239544        91.598217908683182     
   11.527657463645969        87.003932744042459     
   11.094544597005600        92.132864046059282     
   14.749442744126556        89.453588580370393     
   14.820127491778315        99.846844289487692     
   15.728915375132512        92.368262687789013     
   15.786605889920768        97.171182147097326     
   17.326879266918009        98.012531783504500     
   15.913533891427114        92.729108226609128     
   16.438944798345190        92.548128110833602     
   17.579618818175469        81.829024554593886     
   10.228753113629903        97.820571969501515     
   15.643935820474260        91.390035528087409     
   17.219213273347460        95.166975046636054     
   18.195145340903913        85.837110569619682     
   11.019951487032110        82.381686955263149     
   16.080364000497013        92.307361124110031     
   12.519900942864803        84.379222054486007     
   19.360596628709935        84.403711598149172     
   12.544901591358887        97.214085303014485     
   11.356745783812489        80.180932897509962     
   17.719391569461351        90.972006805299245     
   15.325771320043687        84.602841167161770     
   12.551605655638063        80.739820609953256     
   10.279254435477855        97.337586819151838     
   16.633577380196169        84.766907031387788     
   12.382092736863973        93.631158295483075     
   10.898917273157636        82.809897986448846     
   13.583267039832567        93.416423050712496     
   16.054673110120017        93.721408444912697     
   12.692429683052801        84.833826123267372     
   19.857009745077267        80.875163506613006     
   13.304823461796747        96.580696465105135     
   13.048674763963213        92.618877035389687     
   18.818935210804128        82.847872176971464     
   15.107651066096810        98.583395187740678     
   18.272680200183231        97.062801234490024     
   15.361670660499119        93.427452571550759     
   19.972972304535251        90.703544734329057     
   14.680531743066787        83.553840227589774     
   15.233129953647603        83.434361924006524     
   18.981988484275767        90.670131950656369     
   10.491194909277649        92.143199086567591     
   15.799042010914912        85.702249783925780     
   11.675837893785925        81.332948112116910     
   11.865471647368876        87.048733836620670     
   13.200123131451512        83.164841563176722     
   10.381341183216316        89.279872287079158     
   14.920763683974432        91.353222623324172     
   10.737568706934399        86.222830740955331     
   17.259893761753968        94.856998517219139     
   15.795278172501810        91.908719322137230     
   11.863237543765285        96.987893373416313     
   15.060057253603537        86.080099693443515     
   15.275765799984114        99.649128537877999     
   17.563653886413093        97.366232085538044     
   16.419620593929022        95.026342729151224     
   10.544587261905333        86.619564857667854     
   17.949651327071180        80.934980306412896     
   16.541384484754179        89.398340261288354     
   15.316226177231714        94.522603965390601     
   15.784282348015211        97.487353615835133     
   13.666648650505055        84.675677910682325     
   19.389734421221981        98.222674900265616     
   11.043148672132114        94.134997164064828     
   13.974532149855175        80.929446897780906     
   17.176730150745744        94.927337199640093     
   19.204114590711072        89.354700697185748     
   13.011307261391647        90.956458429071631     
   18.366897557530969        81.719133772703557     
   11.032151642038880        91.195087679441485     
   18.970895486689770        87.465428121029035     
   14.936440331852097        90.156592898719623     
   15.239434999701368        87.521941477977109     
   17.729155788292772        97.977080492901877     
   15.341283382871893        85.842245430177854     
   18.263981557381769        83.653741339469150     
   13.663181624008775        83.194801329081500     
   11.550393688847603        91.788218546644572     
   17.242230135792390        99.754288785697469     
   12.697917670084482        81.696066838484882     
   14.494157850635954        99.331621715650357     
   10.992835704949691        80.933070413684788     
   17.045213887356560        97.183042091275027     
   14.402397552148253        83.265667313730489     
   15.318904156607562        87.680577148396310     
   12.141778317325727        91.226945307362030     
   10.837585746498196        80.177052510883271     
   10.720391448537628        95.807336559212786     
   12.768488444745310        86.271438040675235     
   17.858994629541190        96.566896455483118     
   15.363073101107748        84.199319146759379     
   14.662129392717514        86.947534451206579     
   18.852477258170012        84.578703922540939     
   18.462613767621825        84.213707007332360     
   13.354167837512223        99.558678335352738     
   10.686959059448462        85.277296348764665     
   11.595711458752870        82.961884189013986     
   16.575346573875862        94.833100309873572     
   18.494355195415888        98.805205974723179     
   12.234904300686230        84.717400338161326     
   15.039058442049916        83.156259068664411     
   14.373217018838995        89.318060321723053     
   12.894259001015667        83.185731022189202     
   12.667543493170207        88.770253634445794     
   15.264493665513186        97.806551664397745     
   15.377499734040365        95.692130797341704     
   18.200782011427282        97.300077248242658     
   17.766851192594793        96.610922150521361     
   10.339422341410440        94.076006993157421     
   19.034013649258142        90.066999447711126     
   15.196737637187056        84.392517365321012     
   13.429890079569299        85.745472504929850     
   11.926444189558673        88.151904826216182     
   10.193811186372185        97.348282599566801     
   12.128218119008361        89.284215835830565     
   12.524396522560860        95.859159208800904     
   14.053659916415617        99.780735462152961     
   19.238349149130542        85.888419698166231     
   14.401794729960654        84.289354593559821     
   17.668331708898581        94.712190924083586     
   17.354306186941812        89.094019451643021     
   10.158071718340381        86.475143015262887     
   10.022352341722581        95.913626661836915     
   12.536880219171383        93.454399005187966     
   11.949011392418189        93.370372090605628     
   11.582527046318612        85.912327186410778     
   15.657451129785048        96.740522623246576     
   15.727233983491583        80.221815922479806     
   17.066016946700593        97.477604994472216     
   12.108024513915138        93.902162536188797     
   13.290721976357000        87.736829671502818     
   16.731976954136620        99.400674836527074     
   14.942529051540586        84.644110206575093     
   18.643186199775315        97.752244830471980     
   16.892309035869111        92.004165915976671     
   19.133054970245240        87.681532845301405     
   18.710587452666942        96.541956966611252     
   11.075778156120839        84.343758568537567     
   10.346144661375412        87.579642816928029     
   18.455489782736642        99.147229690330917     
   15.840820993035019        99.485861434754796     
   16.494568643684463        81.358732622709937     
   19.387614498867251        88.338851917169521     
   10.704745238491833        84.404273425127968     
   14.323644053389579        82.529191737244702     
   18.266530152695989        80.097317846704357     
   13.530848582692659        88.430538660713239     
   11.222530400115406        83.930383810641061     
   18.647198869164054        89.386330949326890     
   10.820680363907284        81.981723203772944     
   11.560209430760445        97.666470907632586     
   13.039295726640153        83.278419180880149     
   10.065038488515578        86.705882582354718     
   13.351792514172509        94.977985236625642     
   10.127048814529980        95.915304596363143     
   19.725836803791196        87.032209786587885     
   19.771084147163730        88.233324029275821     
   16.216660435459957        96.751458382886241     
   18.382316136914341        81.157169115778032     
   17.868749325279914        83.807851237680524     
   13.029844545172258        87.827754455602800     
   16.753680173369496        89.658186310568965     
   15.515963385571482        94.159773360220541     
   13.801108463766271        95.308688046460745     
   11.803984593867190        88.963681380981740     
   16.238979327523108        85.214332991835292     
   17.492633520242016        95.365097635772159     
   14.688647574638781        87.434787210225153     
   10.476855286697987        98.305664000696765     
   10.814590649058619        81.658193469973895     
   18.567514729997622        81.745680444717308     
   19.267937030468993        92.309319321648317     
   18.297465007071487        85.443361509862953     
   16.988608775842543        95.590852425847586     
   17.821358207120419        81.403418481494498     
   16.046856298154633        87.965636659468259     
   19.007080576460801        91.271598117732694     
   15.417239618121673        91.433759669583139     
   16.802566568568750        88.249277846414842     
   10.951925713470326        98.734384175356638     
   17.372642506991539        80.049850704993119     
   16.648342405719713        92.543460508799924     
   12.984328702770583        85.421444234372217     
   16.615965561522010        93.806713649814156     
   14.746700655187373        80.405030460438823     
   12.696905298680608        98.221490512369826     
   15.657056952783652        84.545172477342035     
   16.313326126809280        87.162903674586545     
   16.208045323044331        81.553927482549085     
   13.143850734907147        88.047184177579368     
   18.552746934929239        96.189494210398735     
   19.020131633035977        88.874394469332714     
   19.214119291196248        80.428538901122707     
   14.253162228759605        82.675455009412318     
   12.170206052348540        94.572873623404405     
   17.379055881777688        98.573902127464791     
   11.773655888922059        89.615184717263205     
   13.612950042936831        86.941215513012381     
   11.505620118225618        91.026110596214664     
   10.987516348802455        91.681319888724715     
   17.033621982830454        94.028124161994782     
   17.068586683203335        95.530194700106691     
   15.628632815461156        85.261849445448092     
   11.814470263961709        83.881749964631737     
   10.215761554183269        87.075143179687174     
   11.293187849036496        87.738917824625247     
   18.063241725986231        80.141147286944459     
   14.802545668101157        83.854796139636505     
   16.980325934076816        92.285400768888209     
   12.273066060990175        93.570903026079790     
   16.781633733329109        81.650063314099228     
   15.052299443935233        94.084695284085825     
   18.379870767914639        96.035127636901592     
   16.206019580635427        81.148794280478498     
   18.467588144806122        82.274921329735022     
   19.751558101745978        87.510254619772965     
   12.881778233137265        85.069943310930555     
   19.471154000907362        96.159877611688017     
   17.684484415766988        97.205586627285271     
   11.007737896720121        97.617522523836328     
   19.444969881305777        98.107205918285928     
   13.463794336212858        95.863429789292880     
   16.559473201987931        82.313435880371742     
   18.476688223588848        86.995584699391259     
   13.251019737273975        86.555158142342137     
   13.985490794477803        91.282443107805463     
   14.687795296158148        90.978930701682671     
   16.384230900073131        89.375952476404862     
   10.468983679487728        87.140276093837926     
